TEMPORAL
SEQUENTIAL
second	gravity_y
0.00	-9.810000000
0.05	-9.810000000
0.10	-9.810000000
0.15	-9.810000000
0.20	-9.810000000
0.25	-9.810000000
0.30	-9.810000000
0.35	-9.810000000
0.40	-9.810000000
0.45	-9.810000000
0.50	-9.810000000
0.55	-9.810000000
0.60	-9.810000000
0.65	-9.810000000
0.70	-9.810000000
0.75	-9.810000000
0.80	-9.810000000
0.85	-9.810000000
0.90	-9.810000000
0.95	-9.810000000
1.00	-9.810000000
1.05	-9.810000000
1.10	-9.810000000
1.15	-9.810000000
1.20	-9.810000000
1.25	-9.810000000
1.30	-9.810000000
1.35	-9.810000000
1.40	-9.810000000
1.45	-9.810000000
1.50	-9.810000000
1.55	-9.810000000
1.60	-9.810000000
1.65	-9.810000000
1.70	-9.810000000
1.75	-9.810000000
1.80	-9.810000000
1.85	-9.810000000
1.90	-9.810000000
1.95	-9.810000000
2.00	-9.810000000
2.05	-9.810000000
2.10	-9.810000000
2.15	-9.810000000
2.20	-9.810000000
2.25	-9.810000000
2.30	-9.810000000
2.35	-9.810000000
2.40	-9.810000000
2.45	-9.810000000
2.50	-9.810000000
2.55	-9.810000000
2.60	-9.810000000
2.65	-9.810000000
2.70	-9.810000000
2.75	-9.810000000
2.80	-9.810000000
2.85	-9.810000000
2.90	-9.810000000
2.95	-9.810000000
3.00	-9.810000000
3.05	-9.810000000
3.10	-9.810000000
3.15	-9.810000000
3.20	-9.810000000
3.25	-9.810000000
3.30	-9.810000000
3.35	-9.810000000
3.40	-9.810000000
3.45	-9.810000000
3.50	-9.810000000
3.55	-9.810000000
3.60	-9.810000000
3.65	-9.810000000
3.70	-9.810000000
3.75	-9.810000000
3.80	-9.810000000
3.85	-9.810000000
3.90	-9.476666667
3.95	-9.476666667
4.00	-9.476666667
4.05	-9.476666667
4.10	-9.476666667
4.15	-9.476666667
4.20	-9.476666667
4.25	-9.476666667
4.30	-9.476666667
4.35	-9.476666667
4.40	-9.476666667
4.45	-9.476666667
4.50	-9.476666667
4.55	-9.476666667
4.60	-9.476666667
4.65	-9.476666667
4.70	-9.476666667
4.75	-9.476666667
4.80	-9.476666667
4.85	-9.476666667
4.90	-9.476666667
4.95	-9.476666667
5.00	-9.476666667
5.05	-9.476666667
5.10	-9.476666667
5.15	-9.476666667
5.20	-9.476666667
5.25	-9.476666667
5.30	-9.476666667
5.35	-9.476666667
5.40	-9.476666667
5.45	-9.476666667
5.50	-9.476666667
5.55	-9.476666667
5.60	-9.476666667
5.65	-9.476666667
5.70	-9.476666667
5.75	-9.476666667
5.80	-9.476666667
5.85	-9.476666667
5.90	-9.476666667
5.95	-9.476666667
6.00	-9.476666667
6.05	-9.476666667
6.10	-9.476666667
6.15	-9.476666667
6.20	-9.476666667
6.25	-9.476666667
6.30	-9.476666667
6.35	-9.476666667
6.40	-9.476666667
6.45	-9.476666667
6.50	-9.476666667
6.55	-9.476666667
6.60	-9.476666667
6.65	-9.476666667
6.70	-9.476666667
6.75	-9.476666667
6.80	-9.476666667
6.85	-9.476666667
6.90	-9.810000000
6.95	-9.810000000
7.00	-9.810000000
7.05	-9.810000000
7.10	-9.810000000
7.15	-9.810000000
7.20	-9.810000000
7.25	-9.810000000
7.30	-9.810000000
7.35	-9.810000000
7.40	-9.810000000
7.45	-9.810000000
7.50	-9.810000000
7.55	-9.810000000
7.60	-9.810000000
7.65	-9.810000000
7.70	-9.810000000
7.75	-9.810000000
7.80	-9.810000000
7.85	-9.810000000
7.90	-9.810000000
7.95	-9.810000000
8.00	-9.810000000
8.05	-9.810000000
8.10	-9.810000000
8.15	-9.810000000
8.20	-9.810000000
8.25	-9.810000000
8.30	-9.810000000
8.35	-9.810000000
8.40	-9.810000000
8.45	-9.810000000
8.50	-9.810000000
8.55	-9.810000000
8.60	-9.810000000
8.65	-9.810000000
8.70	-9.810000000
8.75	-9.810000000
8.80	-9.810000000
8.85	-9.810000000
8.90	-9.810000000
8.95	-9.810000000
9.00	-9.810000000
9.05	-9.810000000
9.10	-9.810000000
9.15	-9.810000000
9.20	-9.810000000
9.25	-9.810000000
9.30	-9.810000000
9.35	-9.810000000
9.40	-9.810000000
9.45	-9.810000000
9.50	-9.810000000
9.55	-9.810000000
9.60	-9.810000000
9.65	-9.810000000
9.70	-9.810000000
9.75	-9.810000000
9.80	-9.810000000
9.85	-9.810000000
9.90	-9.810000000
9.95	-9.810000000
10.00	-9.810000000
10.05	-9.810000000
10.10	-9.810000000
10.15	-9.810000000
10.20	-9.810000000
10.25	-9.810000000
10.30	-9.810000000
10.35	-9.810000000
10.40	-9.810000000
10.45	-9.810000000
10.50	-9.810000000
10.55	-9.810000000
10.60	-9.810000000
10.65	-9.810000000
10.70	-9.810000000
10.75	-9.810000000
10.80	-9.810000000
10.85	-9.810000000
10.90	-9.810000000
10.95	-9.810000000
11.00	-9.810000000
11.05	-9.810000000
11.10	-9.810000000
11.15	-9.810000000
11.20	-9.810000000
11.25	-9.810000000
11.30	-9.810000000
11.35	-9.810000000
11.40	-9.810000000
11.45	-9.810000000
11.50	-9.810000000
11.55	-9.810000000
11.60	-9.810000000
11.65	-9.810000000
11.70	-9.810000000
11.75	-9.810000000
11.80	-9.810000000
11.85	-9.810000000
11.90	-9.810000000
11.95	-9.810000000
12.00	-9.810000000
12.05	-9.810000000
12.10	-9.810000000
12.15	-9.810000000
12.20	-9.810000000
12.25	-9.810000000
12.30	-9.810000000
12.35	-9.810000000
12.40	-9.810000000
12.45	-9.810000000
12.50	-9.810000000
12.55	-9.810000000
12.60	-9.810000000
12.65	-9.810000000
12.70	-9.810000000
12.75	-9.810000000
12.80	-9.810000000
12.85	-9.810000000
12.90	-9.810000000
12.95	-9.810000000
13.00	-9.810000000
13.05	-9.810000000
13.10	-9.810000000
13.15	-9.810000000
13.20	-9.810000000
13.25	-9.810000000
13.30	-9.810000000
13.35	-9.810000000
13.40	-9.810000000
13.45	-9.810000000
13.50	-9.810000000
13.55	-9.810000000
13.60	-9.810000000
13.65	-9.810000000
13.70	-9.810000000
13.75	-9.810000000
13.80	-9.810000000
13.85	-9.810000000
13.90	-9.810000000
13.95	-9.810000000
14.00	-9.810000000
14.05	-9.810000000
14.10	-9.810000000
14.15	-9.810000000
14.20	-9.810000000
14.25	-9.810000000
14.30	-9.810000000
14.35	-9.810000000
14.40	-9.810000000
14.45	-9.810000000
14.50	-9.810000000
14.55	-9.810000000
14.60	-9.810000000
14.65	-9.810000000
14.70	-9.810000000
14.75	-9.810000000
14.80	-9.810000000
14.85	-9.810000000
14.90	-9.810000000
14.95	-9.810000000
15.00	-9.810000000
15.05	-9.810000000
15.10	-9.810000000
15.15	-9.810000000
15.20	-9.810000000
15.25	-9.810000000
15.30	-9.810000000
15.35	-9.810000000
15.40	-9.810000000
15.45	-9.810000000
15.50	-9.810000000
15.55	-9.810000000
15.60	-9.810000000
15.65	-9.810000000
15.70	-9.810000000
15.75	-9.810000000
15.80	-9.810000000
15.85	-9.810000000
15.90	-9.810000000
15.95	-9.810000000
16.00	-9.810000000
16.05	-9.810000000
16.10	-9.810000000
16.15	-9.810000000
16.20	-9.810000000
16.25	-9.810000000
16.30	-9.810000000
16.35	-9.810000000
16.40	-9.810000000
16.45	-9.810000000
16.50	-9.810000000
16.55	-9.810000000
16.60	-9.810000000
16.65	-9.810000000
16.70	-9.810000000
16.75	-9.810000000
16.80	-9.810000000
16.85	-9.810000000
16.90	-10.143333333
16.95	-10.143333333
17.00	-10.143333333
17.05	-10.143333333
17.10	-10.143333333
17.15	-10.143333333
17.20	-10.143333333
17.25	-10.143333333
17.30	-10.143333333
17.35	-10.143333333
17.40	-10.143333333
17.45	-10.143333333
17.50	-10.143333333
17.55	-10.143333333
17.60	-10.143333333
17.65	-10.143333333
17.70	-10.143333333
17.75	-10.143333333
17.80	-10.143333333
17.85	-10.143333333
17.90	-10.143333333
17.95	-10.143333333
18.00	-10.143333333
18.05	-10.143333333
18.10	-10.143333333
18.15	-10.143333333
18.20	-10.143333333
18.25	-10.143333333
18.30	-10.143333333
18.35	-10.143333333
18.40	-10.143333333
18.45	-10.143333333
18.50	-10.143333333
18.55	-10.143333333
18.60	-10.143333333
18.65	-10.143333333
18.70	-10.143333333
18.75	-10.143333333
18.80	-10.143333333
18.85	-10.143333333
18.90	-10.143333333
18.95	-10.143333333
19.00	-10.143333333
19.05	-10.143333333
19.10	-10.143333333
19.15	-10.143333333
19.20	-10.143333333
19.25	-10.143333333
19.30	-10.143333333
19.35	-10.143333333
19.40	-10.143333333
19.45	-10.143333333
19.50	-10.143333333
19.55	-10.143333333
19.60	-10.143333333
19.65	-10.143333333
19.70	-10.143333333
19.75	-10.143333333
19.80	-10.143333333
19.85	-10.143333333
19.90	-9.810000000
19.95	-9.810000000
20.00	-9.810000000
20.05	-9.810000000
20.10	-9.810000000
20.15	-9.810000000
20.20	-9.810000000
20.25	-9.810000000
20.30	-9.810000000
20.35	-9.810000000
20.40	-9.810000000
20.45	-9.810000000
20.50	-9.810000000
20.55	-9.810000000
20.60	-9.810000000
20.65	-9.810000000
20.70	-9.810000000
20.75	-9.810000000
20.80	-9.810000000
20.85	-9.810000000
20.90	-9.810000000
20.95	-9.810000000
21.00	-9.810000000
21.05	-9.810000000
21.10	-9.810000000
21.15	-9.810000000
21.20	-9.810000000
21.25	-9.810000000
21.30	-9.810000000
21.35	-9.810000000
21.40	-9.810000000
21.45	-9.810000000
21.50	-9.810000000
21.55	-9.810000000
21.60	-9.810000000
21.65	-9.810000000
21.70	-9.810000000
21.75	-9.810000000
21.80	-9.810000000
21.85	-9.810000000
21.90	-9.810000000
21.95	-9.810000000
22.00	-9.810000000
22.05	-9.810000000
22.10	-9.810000000
22.15	-9.810000000
22.20	-9.810000000
22.25	-9.810000000
22.30	-9.810000000
22.35	-9.810000000
22.40	-9.810000000
22.45	-9.810000000
22.50	-9.810000000
22.55	-9.810000000
22.60	-9.810000000
22.65	-9.810000000
22.70	-9.810000000
22.75	-9.810000000
22.80	-9.810000000
22.85	-9.810000000
22.90	-9.810000000
22.95	-9.810000000
23.00	-9.810000000
23.05	-9.810000000
23.10	-9.810000000
23.15	-9.810000000
23.20	-9.810000000
23.25	-9.810000000
23.30	-9.810000000
23.35	-9.810000000
23.40	-9.810000000
23.45	-9.810000000
23.50	-9.810000000
23.55	-9.810000000
23.60	-9.810000000
23.65	-9.810000000
23.70	-9.810000000
23.75	-9.810000000
23.80	-9.810000000
