TEMPORAL
SEQUENTIAL
second	lift
0.00	0.000000000
0.05	0.006153846
0.10	0.012307692
0.15	0.018461538
0.20	0.024615385
0.25	0.030769231
0.30	0.036923077
0.35	0.043076923
0.40	0.049230769
0.45	0.055384615
0.50	0.061538462
0.55	0.067692308
0.60	0.073846154
0.65	0.080000000
0.70	0.086153846
0.75	0.092307692
0.80	0.098461538
0.85	0.104615385
0.90	0.110769231
0.95	0.116923077
1.00	0.123076923
1.05	0.129230769
1.10	0.135384615
1.15	0.141538462
1.20	0.147692308
1.25	0.153846154
1.30	0.160000000
1.35	0.166153846
1.40	0.172307692
1.45	0.178461538
1.50	0.184615385
1.55	0.190769231
1.60	0.196923077
1.65	0.203076923
1.70	0.209230769
1.75	0.215384615
1.80	0.221538462
1.85	0.227692308
1.90	0.233846154
1.95	0.240000000
2.00	0.246153846
2.05	0.252307692
2.10	0.258461538
2.15	0.264615385
2.20	0.270769231
2.25	0.276923077
2.30	0.283076923
2.35	0.289230769
2.40	0.295384615
2.45	0.301538462
2.50	0.307692308
2.55	0.313846154
2.60	0.320000000
2.65	0.326153846
2.70	0.332307692
2.75	0.338461538
2.80	0.344615385
2.85	0.350769231
2.90	0.356923077
2.95	0.363076923
3.00	0.369230769
3.05	0.375384615
3.10	0.381538462
3.15	0.387692308
3.20	0.393846154
3.25	0.400000000
3.30	0.406153846
3.35	0.412307692
3.40	0.418461538
3.45	0.424615385
3.50	0.430769231
3.55	0.436923077
3.60	0.443076923
3.65	0.449230769
3.70	0.455384615
3.75	0.461538462
3.80	0.467692308
3.85	0.473846154
3.90	0.480000000
3.95	0.480000000
4.00	0.480000000
4.05	0.480000000
4.10	0.480000000
4.15	0.480000000
4.20	0.480000000
4.25	0.480000000
4.30	0.480000000
4.35	0.480000000
4.40	0.480000000
4.45	0.480000000
4.50	0.480000000
4.55	0.480000000
4.60	0.480000000
4.65	0.480000000
4.70	0.480000000
4.75	0.480000000
4.80	0.480000000
4.85	0.480000000
4.90	0.480000000
4.95	0.480000000
5.00	0.480000000
5.05	0.480000000
5.10	0.480000000
5.15	0.480000000
5.20	0.480000000
5.25	0.480000000
5.30	0.480000000
5.35	0.480000000
5.40	0.480000000
5.45	0.480000000
5.50	0.480000000
5.55	0.480000000
5.60	0.480000000
5.65	0.480000000
5.70	0.480000000
5.75	0.480000000
5.80	0.480000000
5.85	0.480000000
5.90	0.480000000
5.95	0.480000000
6.00	0.480000000
6.05	0.480000000
6.10	0.480000000
6.15	0.480000000
6.20	0.480000000
6.25	0.480000000
6.30	0.480000000
6.35	0.480000000
6.40	0.480000000
6.45	0.480000000
6.50	0.480000000
6.55	0.480000000
6.60	0.480000000
6.65	0.480000000
6.70	0.480000000
6.75	0.480000000
6.80	0.480000000
6.85	0.480000000
6.90	0.480000000
6.95	0.480000000
7.00	0.480000000
7.05	0.480000000
7.10	0.480000000
7.15	0.480000000
7.20	0.480000000
7.25	0.480000000
7.30	0.480000000
7.35	0.480000000
7.40	0.480000000
7.45	0.480000000
7.50	0.480000000
7.55	0.480000000
7.60	0.480000000
7.65	0.480000000
7.70	0.480000000
7.75	0.480000000
7.80	0.480000000
7.85	0.480000000
7.90	0.480000000
7.95	0.480000000
8.00	0.480000000
8.05	0.480000000
8.10	0.480000000
8.15	0.480000000
8.20	0.480000000
8.25	0.480000000
8.30	0.480000000
8.35	0.480000000
8.40	0.480000000
8.45	0.480000000
8.50	0.480000000
8.55	0.480000000
8.60	0.480000000
8.65	0.480000000
8.70	0.480000000
8.75	0.480000000
8.80	0.480000000
8.85	0.480000000
8.90	0.480000000
8.95	0.480000000
9.00	0.480000000
9.05	0.480000000
9.10	0.480000000
9.15	0.480000000
9.20	0.480000000
9.25	0.480000000
9.30	0.480000000
9.35	0.480000000
9.40	0.480000000
9.45	0.480000000
9.50	0.480000000
9.55	0.480000000
9.60	0.480000000
9.65	0.480000000
9.70	0.480000000
9.75	0.480000000
9.80	0.480000000
9.85	0.480000000
9.90	0.480000000
9.95	0.480000000
10.00	0.480000000
10.05	0.480000000
10.10	0.480000000
10.15	0.480000000
10.20	0.480000000
10.25	0.480000000
10.30	0.480000000
10.35	0.480000000
10.40	0.480000000
10.45	0.480000000
10.50	0.480000000
10.55	0.480000000
10.60	0.480000000
10.65	0.480000000
10.70	0.480000000
10.75	0.480000000
10.80	0.480000000
10.85	0.480000000
10.90	0.480000000
10.95	0.480000000
11.00	0.480000000
11.05	0.480000000
11.10	0.480000000
11.15	0.480000000
11.20	0.480000000
11.25	0.480000000
11.30	0.480000000
11.35	0.480000000
11.40	0.480000000
11.45	0.480000000
11.50	0.480000000
11.55	0.480000000
11.60	0.480000000
11.65	0.480000000
11.70	0.480000000
11.75	0.480000000
11.80	0.480000000
11.85	0.480000000
11.90	0.480000000
11.95	0.480000000
12.00	0.480000000
12.05	0.480000000
12.10	0.480000000
12.15	0.480000000
12.20	0.480000000
12.25	0.480000000
12.30	0.480000000
12.35	0.480000000
12.40	0.480000000
12.45	0.480000000
12.50	0.480000000
12.55	0.480000000
12.60	0.480000000
12.65	0.480000000
12.70	0.480000000
12.75	0.480000000
12.80	0.480000000
12.85	0.480000000
12.90	0.480000000
12.95	0.480000000
13.00	0.480000000
13.05	0.480000000
13.10	0.480000000
13.15	0.480000000
13.20	0.480000000
13.25	0.480000000
13.30	0.480000000
13.35	0.480000000
13.40	0.480000000
13.45	0.480000000
13.50	0.480000000
13.55	0.480000000
13.60	0.480000000
13.65	0.480000000
13.70	0.480000000
13.75	0.480000000
13.80	0.480000000
13.85	0.480000000
13.90	0.480000000
13.95	0.480000000
14.00	0.480000000
14.05	0.480000000
14.10	0.480000000
14.15	0.480000000
14.20	0.480000000
14.25	0.480000000
14.30	0.480000000
14.35	0.480000000
14.40	0.480000000
14.45	0.480000000
14.50	0.480000000
14.55	0.480000000
14.60	0.480000000
14.65	0.480000000
14.70	0.480000000
14.75	0.480000000
14.80	0.480000000
14.85	0.480000000
14.90	0.480000000
14.95	0.480000000
15.00	0.480000000
15.05	0.480000000
15.10	0.480000000
15.15	0.480000000
15.20	0.480000000
15.25	0.480000000
15.30	0.480000000
15.35	0.480000000
15.40	0.480000000
15.45	0.480000000
15.50	0.480000000
15.55	0.480000000
15.60	0.480000000
15.65	0.480000000
15.70	0.480000000
15.75	0.480000000
15.80	0.480000000
15.85	0.480000000
15.90	0.480000000
15.95	0.480000000
16.00	0.480000000
16.05	0.480000000
16.10	0.480000000
16.15	0.480000000
16.20	0.480000000
16.25	0.480000000
16.30	0.480000000
16.35	0.480000000
16.40	0.480000000
16.45	0.480000000
16.50	0.480000000
16.55	0.480000000
16.60	0.480000000
16.65	0.480000000
16.70	0.480000000
16.75	0.480000000
16.80	0.480000000
16.85	0.480000000
16.90	0.480000000
16.95	0.480000000
17.00	0.480000000
17.05	0.480000000
17.10	0.480000000
17.15	0.480000000
17.20	0.480000000
17.25	0.480000000
17.30	0.480000000
17.35	0.480000000
17.40	0.480000000
17.45	0.480000000
17.50	0.480000000
17.55	0.480000000
17.60	0.480000000
17.65	0.480000000
17.70	0.480000000
17.75	0.480000000
17.80	0.480000000
17.85	0.480000000
17.90	0.480000000
17.95	0.480000000
18.00	0.480000000
18.05	0.480000000
18.10	0.480000000
18.15	0.480000000
18.20	0.480000000
18.25	0.480000000
18.30	0.480000000
18.35	0.480000000
18.40	0.480000000
18.45	0.480000000
18.50	0.480000000
18.55	0.480000000
18.60	0.480000000
18.65	0.480000000
18.70	0.480000000
18.75	0.480000000
18.80	0.480000000
18.85	0.480000000
18.90	0.480000000
18.95	0.480000000
19.00	0.480000000
19.05	0.480000000
19.10	0.480000000
19.15	0.480000000
19.20	0.480000000
19.25	0.480000000
19.30	0.480000000
19.35	0.480000000
19.40	0.480000000
19.45	0.480000000
19.50	0.480000000
19.55	0.480000000
19.60	0.480000000
19.65	0.480000000
19.70	0.480000000
19.75	0.480000000
19.80	0.480000000
19.85	0.480000000
19.90	0.473846154
19.95	0.467692308
20.00	0.461538462
20.05	0.455384615
20.10	0.449230769
20.15	0.443076923
20.20	0.436923077
20.25	0.430769231
20.30	0.424615385
20.35	0.418461538
20.40	0.412307692
20.45	0.406153846
20.50	0.400000000
20.55	0.393846154
20.60	0.387692308
20.65	0.381538462
20.70	0.375384615
20.75	0.369230769
20.80	0.363076923
20.85	0.356923077
20.90	0.350769231
20.95	0.344615385
21.00	0.338461538
21.05	0.332307692
21.10	0.326153846
21.15	0.320000000
21.20	0.313846154
21.25	0.307692308
21.30	0.301538462
21.35	0.295384615
21.40	0.289230769
21.45	0.283076923
21.50	0.276923077
21.55	0.270769231
21.60	0.264615385
21.65	0.258461538
21.70	0.252307692
21.75	0.246153846
21.80	0.240000000
21.85	0.233846154
21.90	0.227692308
21.95	0.221538462
22.00	0.215384615
22.05	0.209230769
22.10	0.203076923
22.15	0.196923077
22.20	0.190769231
22.25	0.184615385
22.30	0.178461538
22.35	0.172307692
22.40	0.166153846
22.45	0.160000000
22.50	0.153846154
22.55	0.147692308
22.60	0.141538462
22.65	0.135384615
22.70	0.129230769
22.75	0.123076923
22.80	0.116923077
22.85	0.110769231
22.90	0.104615385
22.95	0.098461538
23.00	0.092307692
23.05	0.086153846
23.10	0.080000000
23.15	0.073846154
23.20	0.067692308
23.25	0.061538462
23.30	0.055384615
23.35	0.049230769
23.40	0.043076923
23.45	0.036923077
23.50	0.030769231
23.55	0.024615385
23.60	0.018461538
23.65	0.012307692
23.70	0.006153846
23.75	-0.000000000
23.80	-0.006153846
