TEMPORAL
SEQUENTIAL
second	Average_velocity
0.00	-0.000000000
0.05	-0.251033530
0.10	-0.500306240
0.15	-0.746069661
0.20	-0.986599940
0.25	-1.220209929
0.30	-1.445261022
0.35	-1.660174648
0.40	-1.863443341
0.45	-2.053641318
0.50	-2.229434476
0.55	-2.389589754
0.60	-2.532983777
0.65	-2.658610738
0.70	-2.765589455
0.75	-2.853169549
0.80	-2.920736709
0.85	-2.967816999
0.90	-2.994080185
0.95	-2.999342050
1.00	-2.983565686
1.05	-2.946861752
1.10	-2.889487700
1.15	-2.811845968
1.20	-2.714481157
1.25	-2.598076211
1.30	-2.463447627
1.35	-2.311539728
1.40	-2.143418039
1.45	-1.960261812
1.50	-1.763355757
1.55	-1.554081028
1.60	-1.333905538
1.65	-1.104373658
1.70	-0.867095391
1.75	-0.623735072
1.80	-0.375999701
1.85	-0.125626961
1.90	0.125626961
1.95	0.375999701
2.00	0.623735072
2.05	0.867095391
2.10	1.104373658
2.15	1.333905538
2.20	1.554081028
2.25	1.763355757
2.30	1.960261812
2.35	2.143418039
2.40	2.311539728
2.45	2.463447627
2.50	2.598076211
2.55	2.714481157
2.60	2.811845968
2.65	2.889487700
2.70	2.946861752
2.75	2.983565686
2.80	2.999342050
2.85	2.994080185
2.90	2.967816999
2.95	2.920736709
3.00	2.853169549
3.05	2.765589455
3.10	2.658610738
3.15	2.532983777
3.20	2.389589754
3.25	2.229434476
3.30	2.053641318
3.35	1.863443341
3.40	1.660174648
3.45	1.445261022
3.50	1.220209929
3.55	0.986599940
3.60	0.746069661
3.65	0.500306240
3.70	0.251033530
3.75	0.000000000
3.80	-0.251033530
3.85	-0.500306240
3.90	-0.746069661
3.95	-0.986599940
4.00	-1.220209929
4.05	-1.445261022
4.10	-1.660174648
4.15	-1.863443341
4.20	-2.053641318
4.25	-2.229434476
4.30	-2.389589754
4.35	-2.532983777
4.40	-2.658610738
4.45	-2.765589455
4.50	-2.853169549
4.55	-2.920736709
4.60	-2.967816999
4.65	-2.994080185
4.70	-2.999342050
4.75	-2.983565686
4.80	-2.946861752
4.85	-2.889487700
4.90	-2.811845968
4.95	-2.714481157
5.00	-2.598076211
5.05	-2.463447627
5.10	-2.311539728
5.15	-2.143418039
5.20	-1.960261812
5.25	-1.763355757
5.30	-1.554081028
5.35	-1.333905538
5.40	-1.104373658
5.45	-0.867095391
5.50	-0.623735072
5.55	-0.375999701
5.60	-0.125626961
5.65	0.000000000
6.11	-0.000000000
6.16	-0.251033530
6.21	-0.500306240
6.26	-0.746069661
6.31	-0.986599940
6.36	-1.220209929
6.41	-1.445261022
6.46	-1.660174648
6.51	-1.863443341
6.56	-2.053641318
6.61	-2.229434476
6.66	-2.389589754
6.71	-2.532983777
6.76	-2.658610738
6.81	-2.765589455
6.86	-2.853169549
6.91	-2.920736709
6.96	-2.967816999
7.01	-2.994080185
7.06	-2.999342050
7.11	-2.983565686
7.16	-2.946861752
7.21	-2.889487700
7.26	-2.811845968
7.31	-2.714481157
7.36	-2.598076211
7.41	-2.463447627
7.46	-2.311539728
7.51	-2.143418039
7.56	-1.960261812
7.61	-1.763355757
7.66	-1.554081028
7.71	-1.333905538
7.76	-1.104373658
7.81	-0.867095391
7.86	-0.623735072
7.91	-0.375999701
7.96	-0.125626961
8.01	0.125626961
8.06	0.375999701
8.11	0.623735072
8.16	0.867095391
8.21	1.104373658
8.26	1.333905538
8.31	1.554081028
8.36	1.763355757
8.41	1.960261812
8.46	2.143418039
8.51	2.311539728
8.56	2.463447627
8.61	2.598076211
8.66	2.714481157
8.71	2.811845968
8.76	2.889487700
8.81	2.946861752
8.86	2.983565686
8.91	2.999342050
8.96	2.994080185
9.01	2.967816999
9.06	2.920736709
9.11	2.853169549
9.16	2.765589455
9.21	2.658610738
9.26	2.532983777
9.31	2.389589754
9.36	2.229434476
9.41	2.053641318
9.46	1.863443341
9.51	1.660174648
9.56	1.445261022
9.61	1.220209929
9.66	0.986599940
9.71	0.746069661
9.76	0.500306240
9.81	0.251033530
9.86	0.000000000
9.91	-0.251033530
9.96	-0.500306240
10.01	-0.746069661
10.06	-0.986599940
10.11	-1.220209929
10.16	-1.445261022
10.21	-1.660174648
10.26	-1.863443341
10.31	-2.053641318
10.36	-2.229434476
10.41	-2.389589754
10.46	-2.532983777
10.51	-2.658610738
10.56	-2.765589455
10.61	-2.853169549
10.66	-2.920736709
10.71	-2.967816999
10.76	-2.994080185
10.81	-2.999342050
10.86	-2.983565686
10.91	-2.946861752
10.96	-2.889487700
11.01	-2.811845968
11.06	-2.714481157
11.11	-2.598076211
11.16	-2.463447627
11.21	-2.311539728
11.26	-2.143418039
11.31	-1.960261812
11.36	-1.763355757
11.41	-1.554081028
11.46	-1.333905538
11.51	-1.104373658
11.56	-0.867095391
11.61	-0.623735072
11.66	-0.375999701
11.71	-0.125626961
11.76	0.125626961
11.81	0.375999701
11.86	0.623735072
11.91	0.867095391
11.96	1.104373658
12.01	1.333905538
12.06	1.554081028
12.11	1.763355757
12.16	1.960261812
12.21	2.143418039
12.26	2.311539728
12.31	2.463447627
12.36	2.598076211
12.41	2.714481157
12.46	2.811845968
12.51	2.889487700
12.56	2.946861752
12.61	2.983565686
12.66	2.999342050
12.71	2.994080185
12.76	2.967816999
12.81	2.920736709
12.86	2.853169549
12.91	2.765589455
12.96	2.658610738
13.01	2.532983777
13.06	2.389589754
13.11	2.229434476
13.16	2.053641318
13.21	1.863443341
13.26	1.660174648
13.31	1.445261022
13.36	1.220209929
13.41	0.986599940
13.46	0.746069661
13.51	0.500306240
13.56	0.251033530
13.61	0.000000000
13.66	-0.251033530
13.71	-0.500306240
13.76	-0.746069661
13.81	-0.986599940
13.86	-1.220209929
13.91	-1.445261022
13.96	-1.660174648
14.01	-1.863443341
14.06	-2.053641318
14.11	-2.229434476
14.16	-2.389589754
14.21	-2.532983777
14.26	-2.658610738
14.31	-2.765589455
14.36	-2.853169549
14.41	-2.920736709
14.46	-2.967816999
14.51	-2.994080185
14.56	-2.999342050
14.61	-2.983565686
14.66	-2.946861752
14.71	-2.889487700
14.76	-2.811845968
14.81	-2.714481157
14.86	-2.598076211
14.91	-2.463447627
14.96	-2.311539728
15.01	-2.143418039
15.06	-1.960261812
15.11	-1.763355757
15.16	-1.554081028
15.21	-1.333905538
15.26	-1.104373658
15.31	-0.867095391
15.36	-0.623735072
15.41	-0.375999701
15.46	-0.125626961
15.51	0.125626961
15.56	0.375999701
15.61	0.623735072
15.66	0.867095391
15.71	1.104373658
15.76	1.333905538
15.81	1.554081028
15.86	1.763355757
15.91	1.960261812
15.96	2.143418039
16.01	2.311539728
16.06	2.463447627
16.11	2.598076211
16.16	2.714481157
16.21	2.811845968
16.26	2.889487700
16.31	2.946861752
16.36	2.983565686
16.41	2.999342050
16.46	2.994080185
16.51	2.967816999
16.56	2.920736709
16.61	2.853169549
16.66	2.765589455
16.71	2.658610738
16.76	2.532983777
16.81	2.389589754
16.86	2.229434476
16.91	2.053641318
16.96	1.863443341
17.01	1.660174648
17.06	1.445261022
17.11	1.220209929
17.16	0.986599940
17.21	0.746069661
17.26	0.500306240
17.31	0.251033530
17.36	0.000000000
17.41	-0.251033530
17.46	-0.500306240
17.51	-0.746069661
17.56	-0.986599940
17.61	-1.220209929
17.66	-1.445261022
17.71	-1.660174648
17.76	-1.863443341
17.81	-2.053641318
17.86	-2.229434476
17.91	-2.389589754
17.96	-2.532983777
18.01	-2.658610738
18.06	-2.765589455
18.11	-2.853169549
18.16	-2.920736709
18.21	-2.967816999
18.26	-2.994080185
18.31	-2.999342050
18.36	-2.983565686
18.41	-2.946861752
18.46	-2.889487700
18.51	-2.811845968
18.56	-2.714481157
18.61	-2.598076211
18.66	-2.463447627
18.71	-2.311539728
18.76	-2.143418039
18.81	-1.960261812
18.86	-1.763355757
18.91	-1.554081028
18.96	-1.333905538
19.01	-1.104373658
19.06	-0.867095391
19.11	-0.623735072
19.16	-0.375999701
19.21	-0.125626961
19.26	0.125626961
19.31	0.375999701
19.36	0.623735072
19.41	0.867095391
19.46	1.104373658
19.51	1.333905538
19.56	1.554081028
19.61	1.763355757
19.66	1.960261812
19.71	2.143418039
19.76	2.311539728
19.81	2.463447627
19.86	2.598076211
19.91	2.714481157
19.96	2.811845968
20.01	2.889487700
20.06	2.946861752
20.11	2.983565686
20.16	2.999342050
20.21	2.994080185
20.26	2.967816999
20.31	2.920736709
20.36	2.853169549
20.41	2.765589455
20.46	2.658610738
20.51	2.532983777
20.56	2.389589754
20.61	2.229434476
20.66	2.053641318
20.71	1.863443341
20.76	1.660174648
20.81	1.445261022
20.86	1.220209929
20.91	0.986599940
20.96	0.746069661
21.01	0.500306240
21.06	0.251033530
21.11	0.000000000
21.16	-0.251033530
21.21	-0.500306240
21.26	-0.746069661
21.31	-0.986599940
21.36	-1.220209929
21.41	-1.445261022
21.46	-1.660174648
21.51	-1.863443341
21.56	-2.053641318
21.61	-2.229434476
21.66	-2.389589754
21.71	-2.532983777
21.76	-2.658610738
21.81	-2.765589455
21.86	-2.853169549
21.91	-2.920736709
21.96	-2.967816999
22.01	-2.994080185
22.06	-2.999342050
22.11	-2.983565686
22.16	-2.946861752
22.21	-2.889487700
22.26	-2.811845968
22.31	-2.714481157
22.36	-2.598076211
22.41	-2.463447627
22.46	-2.311539728
22.51	-2.143418039
22.56	-1.960261812
22.61	-1.763355757
22.66	-1.554081028
22.71	-1.333905538
22.76	-1.104373658
22.81	-0.867095391
22.86	-0.623735072
22.91	-0.375999701
22.96	-0.125626961
23.01	0.125626961
23.06	0.375999701
23.11	0.623735072
23.16	0.867095391
23.21	1.104373658
23.26	1.333905538
23.31	1.554081028
23.36	1.763355757
23.41	1.960261812
23.46	2.143418039
23.51	2.311539728
23.56	2.463447627
23.61	2.598076211
23.66	2.714481157
23.71	2.811845968
23.76	2.889487700
