TEMPORAL
SEQUENTIAL
second	Average_velocity
0.00	-0.000000000
0.05	-0.251033530
0.10	-0.500306240
0.15	-0.746069661
0.20	-0.986599940
0.25	-1.220209929
0.30	-1.445261022
0.35	-1.660174648
0.40	-1.863443341
0.45	-2.053641318
0.50	-2.229434476
0.55	-2.389589754
0.60	-2.532983777
0.65	-2.658610738
0.70	-2.765589455
0.75	-2.853169549
0.80	-2.920736709
0.85	-2.967816999
0.90	-2.994080185
0.95	-2.999342050
1.00	-2.983565686
1.05	-2.946861752
1.10	-2.889487700
1.15	-2.811845968
1.20	-2.714481157
1.25	-2.598076211
1.30	-2.463447627
1.35	-2.311539728
1.40	-2.143418039
1.45	-1.960261812
1.50	-1.763355757
1.55	-1.554081028
1.60	-1.333905538
1.65	-1.104373658
1.70	-0.867095391
1.75	-0.623735072
1.80	-0.375999701
1.85	-0.125626961
1.90	0.125626961
1.95	0.375999701
2.00	0.623735072
2.05	0.867095391
2.10	1.104373658
2.15	1.333905538
2.20	1.554081028
2.25	1.763355757
2.30	1.960261812
2.35	2.143418039
2.40	2.311539728
2.45	2.463447627
2.50	2.598076211
2.55	2.714481157
2.60	2.811845968
2.65	2.889487700
2.70	2.946861752
2.75	2.983565686
2.80	2.999342050
2.85	2.994080185
2.90	2.967816999
2.95	2.920736709
3.00	2.853169549
3.05	2.765589455
3.10	2.658610738
3.15	2.532983777
3.20	2.389589754
3.25	2.229434476
3.30	2.053641318
3.35	1.863443341
3.40	1.660174648
3.45	1.445261022
3.50	1.220209929
3.55	0.986599940
3.60	0.746069661
3.65	0.500306240
3.70	0.251033530
3.75	0.000000000
3.80	-0.251033530
3.85	-0.500306240
3.90	-0.746069661
3.95	-0.986599940
4.00	-1.220209929
4.05	-1.445261022
4.10	-1.660174648
4.15	-1.863443341
4.20	-2.053641318
4.25	-2.229434476
4.30	-2.389589754
4.35	-2.532983777
4.40	-2.658610738
4.45	-2.765589455
4.50	-2.853169549
4.55	-2.920736709
4.60	-2.967816999
4.65	-2.994080185
4.70	-2.999342050
4.75	-2.983565686
4.80	-2.946861752
4.85	-2.889487700
4.90	-2.811845968
4.95	-2.714481157
5.00	-2.598076211
5.05	-2.463447627
5.10	-2.311539728
5.15	-2.143418039
5.20	-1.960261812
5.25	-1.763355757
5.30	-1.554081028
5.35	-1.333905538
5.40	-1.104373658
5.45	-0.867095391
5.50	-0.623735072
5.55	-0.375999701
5.60	-0.125626961
5.65	0.000000000
