TEMPORAL
SEQUENTIAL
second	Average_velocity
15.00	0.406860172
15.01	0.868356450
15.02	2.407118867
15.03	4.299144842
15.04	6.090023675
15.05	7.526129679
15.06	8.497987777
15.07	8.994439103
15.08	9.066309570
15.09	8.798359709
15.10	8.288369466
15.11	7.632287021
15.12	6.914446053
15.13	6.201931271
15.14	5.542247371
15.15	4.963521985
15.16	4.476548540
15.17	4.078050320
15.18	3.754622410
15.19	3.486883554
15.20	3.253445349
15.21	3.034381566
15.22	2.813955744
15.23	2.582440614
15.24	2.336938237
15.25	2.081185151
15.26	1.824402171
15.27	1.579323871
15.28	1.359618149
15.29	1.176981635
15.30	1.038272102
15.31	0.943114378
15.32	0.882491666
15.33	0.838909522
15.34	0.788795135
15.35	0.707869910
15.36	0.580308737
15.37	0.412574699
15.38	0.252893359
15.39	0.217406092
15.40	0.524117380
