/*--------------------------------*- C++ -*----------------------------------*\
| =========         |                         |
| \\   / F ield     | OpenFOAM: The Open Source CFD Toolbox      |
| \\  /  O peration   | Version: 5.0                  |
|  \\ /  A nd      | Web:   www.OpenFOAM.org           |
|  \\/   M anipulation |                         |
\*---------------------------------------------------------------------------*/
FoamFile
{
  version   2.0;
  format   ascii;
  class    vectorField;
  location  "2/polyMesh";
  object   points;
}
// * * * * * * * * * * * * * * * * * * * * * * * * * * * * * * * * * * * * * //


338
(
(0 0 0.01)
(0.01 0 0)
(0 0 0)
(0.01 0.012 0)
(0.01 0.012 0.01)
(0 0.012 0)
(0 0.012 0.01)
(0.01 0 0.01)
(0 0 0.00753765)
(0 0.003063 0.01)
(0.00224029 0 0.01)
(0.00814778 0 0.01)
(0.01 0 0.0019609)
(0.00797372 0 0)
(0.01 0.00239474 0)
(0 0 0.00170755)
(0.00206949 0 0)
(0.01 0.012 0.0080835)
(0.00774658 0.012 0.01)
(0 0.012 0.00202078)
(0 0.00944937 0)
(0.00233666 0.012 0)
(0 0.012 0.00804577)
(0.00177948 0.012 0.01)
(0 0.00907863 0.01)
(0.00363541 0.012 0.01)
(0 0.012 0.00611113)
(0 0.012 0.00405691)
(0.00555891 0.012 0.01)
(0.00733666 0.012 0)
(0.00470769 0.012 0)
(0.01 0.00968212 0)
(0.01 0.00735364 0)
(0.01 0.012 0.00208075)
(0.01 0.012 0.00414124)
(0.01 0.012 0.00615782)
(0 0.00408005 0)
(0 0.00213734 0)
(0 0.00687561 0)
(0.00408528 0 0)
(0.01 0.00470269 0)
(0.0059016 0 0)
(0.01 0.00624541 0.01)
(0.01 0.00307648 0.01)
(0.01 0.00904818 0.01)
(0.01 0 0.00818401)
(0.01 0 0.00628342)
(0.01 0 0.00384932)
(0.00627947 0 0.01)
(0.00445686 0 0.01)
(0 0.00602228 0.01)
(0 0 0.00507337)
(0 0 0.00341747)
(0 0.00249023 0.00798306)
(0.00180827 0 0.00809919)
(0.00145665 0.00197958 0.01)
(0.01 0.00263204 0.00724702)
(0.01 0.00227114 0.00118077)
(0.00878094 0 0.00184045)
(0.0071457 0.00247153 0)
(0 0.00219298 0.00113342)
(0.00186989 0 0.00265221)
(0.01 0.00959995 0.00124311)
(0.01 0.01014658 0.00873621)
(0.00797463 0.012 0.00730376)
(0.00855231 0.01021724 0.01)
(0 0.01018914 0.00203428)
(0.0021777 0.012 0.00145948)
(0 0.01033818 0.00805507)
(0.0026836 0.012 0.00840242)
(0.00276422 0.00951786 0.01)
(0.00440812 0.012 0.00876184)
(0.00422187 0.012 0.00718745)
(0.00213126 0.012 0.00647138)
(0.00410522 0.012 0.00510382)
(0.00180591 0.012 0.00399651)
(0.00599709 0.012 0.00823855)
(0.0060916 0.012 0.00617518)
(0.00650578 0.012 0.00189669)
(0.00424771 0.012 0.00275104)
(0.00646527 0.00981552 0)
(0.00397513 0.00904866 0)
(0.00620062 0.012 0.0040393)
(0.0084058 0.012 0.00142375)
(0.0081965 0.012 0.00312491)
(0.01 0.00981051 0.00716808)
(0.01 0.00954649 0.00319462)
(0.00807723 0.012 0.00515704)
(0.00820655 0.00820584 0)
(0.00618094 0.00724348 0)
(0.00840169 0.0102966 0)
(0.002248 0.00627536 0)
(0.00440537 0.0063597 0)
(0.00142663 0.0092836 0)
(0.00376999 0.00424476 0)
(0.00578179 0.00464316 0)
(0.00206051 0.00372714 0)
(0.00303164 0.00204738 0)
(0.00119361 0.00204812 0)
(0 0.00465207 0.00178328)
(0 0.0074502 0.00202734)
(0.00495267 0.00226362 0)
(0.00818785 0.00525902 0)
(0.01 0.00415722 0.00203986)
(0.01 0.006717 0.00211385)
(0.00680225 0 0.00183532)
(0.00429763 0 0.00185635)
(0.00627974 0.00778885 0.01)
(0.00429032 0.00733779 0.01)
(0.00489075 0.0097761 0.01)
(0.00687123 0.00998544 0.01)
(0 0.00854567 0.00410843)
(0 0.00678192 0.00618518)
(0 0.00957306 0.0060991)
(0 0.00514172 0.0042351)
(0.01 0.00742102 0.0065105)
(0.01 0.00711605 0.00443446)
(0.01 0.00458835 0.00376477)
(0.00337947 0 0.00457516)
(0.00590942 0 0.00390913)
(0.00766569 0.00639018 0.01)
(0.00594712 0.00536783 0.01)
(0.00791022 0.00392466 0.01)
(0.00569111 0.00237542 0.01)
(0.01 0.00533385 0.0080101)
(0.01 0.00795258 0.00840415)
(0.00822816 0.008271 0.01)
(0.0054795 0 0.00852727)
(0.00529985 0 0.00645794)
(0.00757066 0 0.00782632)
(0.00777544 0 0.00528462)
(0.01 0.00241867 0.00500968)
(0.01 0.00225891 0.00296755)
(0.00785361 0 0.00334377)
(0.01 0.0049133 0.00582942)
(0.00177455 0.00420438 0.01)
(0.00384272 0.00473738 0.01)
(0.0032437 0.00224142 0.01)
(0.0037471 0 0.00829753)
(0 0.00506387 0.00811848)
(0 0.0077576 0.0080763)
(0.00211197 0.00683054 0.01)
(0.00317541 0 0.00669733)
(0.00162579 0 0.00605611)
(0 0.0021075 0.00330307)
(0 0.00237442 0.00576617)
(0.00137503 0 0.00435487)
(0 0.00440965 0.00645759)
(0.0069 0.00605529 0.005)
(0.0031 0.00606005 0.005)
(0.005 0.0037724 0.005)
(0.005 0.00834681 0.005)
(0.00595 0.00720253 0.00595)
(0.00595 0.00490816 0.00405)
(0.00405 0.00720433 0.00595)
(0.005 0.00606061 0.0069)
(0.00405 0.00719512 0.00405)
(0.0012 0.00149004 0.0069)
(0.00215 0.00262712 0.00785)
(0.00097254 0.00398536 0.00880402)
(0.0031 0.00149616 0.0088)
(0.00687278 0.00149478 0.00835598)
(0.0069 0.00152115 0.0012)
(0.00782236 0.00255363 0.00214972)
(0.00880512 0.00376263 0.00153253)
(0.0012 0.00150033 0.0031)
(0.00305362 0.00158328 0.00120724)
(0.0087009 0.00828686 0.00110037)
(0.00785 0.00950802 0.00785)
(0.0068782 0.01057824 0.00884337)
(0.0012 0.01062393 0.0031)
(0.00215 0.00951848 0.00215)
(0.0012 0.010648 0.0069)
(0.00215 0.00953369 0.00785)
(0.00315997 0.01067404 0.00884782)
(0.00307861 0.01064447 0.00675989)
(0.0031 0.01064289 0.0031)
(0.00215 0.00949981 0.00595)
(0.00215 0.00949615 0.00405)
(0.0031 0.01062081 0.005)
(0.005 0.01065169 0.0069)
(0.00397363 0.00954132 0.00804216)
(0.00596215 0.00949567 0.00741724)
(0.0069 0.01064766 0.0069)
(0.005 0.01063651 0.0031)
(0.00595 0.00952021 0.00215)
(0.00405 0.00950032 0.00215)
(0.005 0.00834057 0.0012)
(0.0069 0.01068213 0.0012)
(0.0031 0.01063205 0.0012)
(0.0088 0.00832576 0.0031)
(0.00785 0.00719789 0.00405)
(0.00676638 0.01057929 0.00293565)
(0.0069 0.00834929 0.005)
(0.00595 0.00949871 0.00405)
(0.0078996 0.00942209 0.00403945)
(0.0069 0.00605359 0.0031)
(0.00785051 0.00721297 0.00246645)
(0.00785 0.00955971 0.00215)
(0.00595 0.00719909 0.00405)
(0.00663049 0.00861366 0.00119935)
(0.005 0.00834216 0.0031)
(0.00595 0.00720367 0.00215)
(0.0088 0.00839098 0.005)
(0.00768119 0.00950722 0.00594795)
(0.0069 0.01063912 0.005)
(0.00877345 0.01062341 0.0069236)
(0.00885763 0.01069505 0.00302645)
(0.0031 0.00832337 0.0012)
(0.0031 0.00602009 0.0012)
(0.00405 0.00489522 0.00215)
(0.00508323 0.00365279 0.00108843)
(0.00595 0.00490074 0.00215)
(0.0069 0.00608827 0.0012)
(0.005 0.00604977 0.0031)
(0.00405 0.00719582 0.00215)
(0.00321637 0.0035789 0.00119521)
(0.0012 0.0037488 0.0031)
(0.00215 0.00491852 0.00405)
(0.0031 0.00147768 0.0031)
(0.0031 0.00377329 0.005)
(0.00405 0.00261887 0.00405)
(0.00215 0.00262106 0.00405)
(0.0031 0.00605433 0.0031)
(0.00215 0.00490599 0.00215)
(0.00241656 0.00262626 0.0024101)
(0.00405 0.00490904 0.00405)
(0.005 0.00376216 0.0031)
(0.00405208 0.00260935 0.0026055)
(0.0012 0.00609606 0.0031)
(0.00215 0.00720678 0.00215)
(0.0012 0.00834034 0.0012)
(0.00124063 0.00386406 0.00114553)
(0.0069 0.00376803 0.0012)
(0.0088 0.0060398 0.0031)
(0.00785 0.00491357 0.00215)
(0.00889292 0.00366592 0.00317006)
(0.00785 0.00490745 0.00405)
(0.0069 0.0014886 0.0031)
(0.00595 0.00261651 0.00405)
(0.00578127 0.00219809 0.00214808)
(0.005 0.00147339 0.0031)
(0.00595 0.00721601 0.00785)
(0.005 0.00839755 0.0088)
(0.00405 0.00721233 0.00785)
(0.0031 0.00835878 0.0088)
(0.00701178 0.0082218 0.00879974)
(0.00118849 0.00853635 0.00292086)
(0.0012 0.00835785 0.0069)
(0.00263961 0.00722618 0.0040508)
(0.00215 0.00720638 0.00595)
(0.0011106 0.0082725 0.00493331)
(0.00882255 0.00848039 0.00724262)
(0.00785 0.00721054 0.00595)
(0.00692412 0.00385148 0.00868656)
(0.0088 0.00376851 0.0069)
(0.00785 0.00491351 0.00595)
(0.0069 0.00148331 0.0069)
(0.0069 0.0037661 0.005)
(0.00595 0.00262421 0.00595)
(0.00785 0.00262554 0.00595)
(0.0069 0.00605558 0.0069)
(0.00784857 0.00502152 0.0081271)
(0.00787157 0.00265576 0.00763377)
(0.00595 0.00491292 0.00595)
(0.005 0.00377822 0.0069)
(0.00595 0.00491087 0.00785)
(0.00595 0.00265344 0.00785)
(0.0088 0.00606433 0.0069)
(0.00785 0.00720299 0.00785)
(0.00662488 0.00575549 0.00879938)
(0.00879256 0.00833927 0.00881515)
(0.00898943 0.00398531 0.00879956)
(0.0088 0.00377977 0.005)
(0.00771062 0.00262205 0.00404626)
(0.0069 0.00148082 0.005)
(0.00878408 0.00146839 0.00314106)
(0.0088 0.00149143 0.0069)
(0.0031 0.00376451 0.0088)
(0.005 0.00149108 0.0069)
(0.00405 0.00263108 0.00785)
(0.005 0.00378778 0.0088)
(0.0012 0.00376671 0.0069)
(0.00215 0.00491629 0.00595)
(0.00316936 0.00139581 0.00683064)
(0.00402296 0.0031407 0.00595079)
(0.00215 0.00262342 0.00595)
(0.0031 0.00606069 0.0069)
(0.00215 0.00492477 0.00785)
(0.00405 0.00491874 0.00595)
(0.00405 0.00492014 0.00785)
(0.0012 0.00606326 0.0069)
(0.00215 0.00721407 0.00785)
(0.0031 0.00605476 0.0088)
(0.0012 0.00836291 0.0088)
(0.0012 0.00376515 0.005)
(0.00293285 0.0014928 0.00483207)
(0.0031 0.00835207 0.005)
(0.00405 0.00948489 0.00405)
(0.00395835 0.00954315 0.00593559)
(0.005 0.008356 0.0069)
(0.00595 0.00949407 0.00595)
(0.005 0.01061686 0.005)
(0.0069 0.00835395 0.0069)
(0.0031 0.00835072 0.0069)
(0.0031 0.00834843 0.0031)
(0.0012 0.00149626 0.005)
(0.00123032 0.00601911 0.00874285)
(0.0031 0.0037755 0.0069)
(0.005 0.00149627 0.0088)
(0.0088 0.00151227 0.005)
(0.0086874 0.00611525 0.00891201)
(0.0069 0.00376954 0.0069)
(0.005 0.00148435 0.005)
(0.0088 0.00605555 0.005)
(0.0012 0.00607136 0.005)
(0.005 0.00605888 0.0088)
(0.00489261 0.00138403 0.00119135)
(0.0069 0.00375949 0.0031)
(0.0088 0.00606008 0.0012)
(0.0012 0.00606785 0.0012)
(0.0031 0.00376593 0.0031)
(0.005 0.00603672 0.0012)
(0.0088 0.01066451 0.005)
(0.0069 0.00834797 0.0031)
(0.005 0.01065291 0.0012)
(0.00505721 0.01072978 0.00877615)
(0.0012 0.01060873 0.005)
(0.0012 0.01068256 0.0088)
(0.0012 0.01067283 0.0012)
(0.0088 0.01063673 0.0088)
(0.0088 0.01074271 0.0012)
(0.00131474 0.00163408 0.0012017)
(0.00885332 0.00156442 0.00110871)
(0.00869462 0.001542 0.00869344)
(0.0012 0.00150823 0.0088)
(0.005 0.00605646 0.005)
(0.01 0.0096114 0.00506622)
)


// ************************************************************************* //