/*--------------------------------*- C++ -*----------------------------------*\
| =========                 |                                                 |
| \\      /  F ield         | OpenFOAM: The Open Source CFD Toolbox           |
|  \\    /   O peration     | Version:  5.x                                   |
|   \\  /    A nd           | Web:      www.OpenFOAM.org                      |
|    \\/     M anipulation  |                                                 |
\*---------------------------------------------------------------------------*/
FoamFile
{
    version     2.0;
    format      ascii;
    class       faceList;
    location    "constant/polyMesh";
    object      faces;
}
// * * * * * * * * * * * * * * * * * * * * * * * * * * * * * * * * * * * * * //


3133
(
3(72 175 181)
3(72 180 175)
3(72 181 180)
3(181 175 180)
3(180 302 77)
3(74 302 180)
3(74 180 77)
3(74 77 302)
3(122 121 254)
3(122 270 121)
3(122 254 270)
3(270 254 121)
3(97 96 216)
3(332 216 96)
3(332 97 216)
3(332 96 97)
3(337 86 203)
3(86 116 203)
3(337 203 116)
3(337 86 323)
3(86 203 323)
3(337 323 203)
3(337 34 323)
3(86 323 34)
3(63 252 125)
3(85 125 252)
3(85 252 63)
3(164 57 333)
3(132 164 333)
3(132 333 57)
3(132 57 164)
3(134 255 56)
3(56 255 131)
3(134 131 255)
3(86 190 104)
3(86 62 190)
3(104 190 62)
3(66 247 100)
3(111 100 247)
3(111 247 66)
3(147 53 282)
3(145 282 53)
3(147 282 145)
3(144 217 99)
3(144 60 217)
3(99 217 60)
3(113 248 140)
3(113 68 248)
3(140 248 68)
3(118 61 219)
3(146 219 61)
3(118 219 146)
3(128 129 257)
3(130 257 129)
3(128 257 130)
3(133 238 105)
3(133 58 238)
3(105 238 58)
3(142 284 54)
3(54 284 143)
3(142 143 284)
3(72 69 175)
3(73 175 69)
3(72 175 73)
3(83 192 78)
3(84 78 192)
3(84 192 83)
3(77 183 64)
3(64 183 87)
3(77 87 183)
3(75 176 79)
3(75 67 176)
3(79 176 67)
3(123 254 122)
3(121 254 123)
3(232 98 332)
3(96 98 232)
3(96 232 332)
3(96 332 98)
3(95 59 233)
3(102 233 59)
3(95 233 102)
3(110 246 126)
3(110 65 246)
3(126 246 65)
3(90 200 88)
3(80 88 200)
3(80 200 90)
3(108 245 70)
3(70 245 141)
3(108 141 245)
3(137 278 135)
3(137 55 278)
3(135 278 55)
3(81 208 91)
3(81 93 208)
3(91 208 93)
3(124 255 56)
3(134 255 124)
3(253 261 152)
3(253 303 261)
3(253 152 303)
3(261 303 152)
3(268 311 269)
3(125 269 311)
3(125 268 269)
3(125 311 268)
3(134 314 268)
3(134 268 256)
3(268 314 256)
3(134 256 314)
3(115 314 268)
3(115 268 134)
3(115 134 314)
3(269 262 311)
3(268 311 262)
3(269 268 262)
3(125 124 311)
3(42 311 124)
3(125 311 42)
3(116 190 104)
3(86 190 116)
3(237 196 153)
3(237 318 196)
3(237 153 318)
3(196 318 153)
3(234 319 235)
3(103 235 319)
3(103 234 235)
3(103 319 234)
3(116 314 234)
3(116 234 191)
3(234 314 191)
3(116 191 314)
3(117 116 314)
3(117 314 234)
3(117 234 116)
3(235 197 319)
3(234 319 197)
3(235 234 197)
3(104 32 319)
3(104 319 40)
3(40 319 32)
3(256 264 312)
3(256 258 264)
3(256 312 258)
3(258 312 264)
3(273 310 260)
3(131 260 310)
3(131 273 260)
3(131 310 273)
3(117 314 273)
3(117 237 314)
3(117 273 237)
3(273 314 237)
3(134 117 314)
3(134 314 273)
3(134 273 117)
3(260 274 310)
3(273 310 274)
3(260 273 274)
3(47 46 310)
3(47 310 131)
3(131 310 46)
3(191 199 324)
3(191 193 199)
3(191 324 193)
3(193 324 199)
3(203 323 195)
3(86 195 323)
3(86 203 195)
3(115 314 203)
3(115 253 314)
3(115 203 253)
3(203 314 253)
3(116 115 314)
3(116 314 203)
3(116 203 115)
3(195 204 323)
3(203 323 204)
3(195 203 204)
3(323 35 34)
3(337 35 323)
3(114 217 99)
3(144 217 114)
3(249 223 156)
3(249 305 223)
3(249 156 305)
3(223 305 156)
3(229 320 230)
3(100 230 320)
3(100 229 230)
3(100 320 229)
3(114 315 229)
3(114 229 218)
3(229 315 218)
3(114 218 315)
3(111 315 229)
3(111 229 114)
3(111 114 315)
3(230 224 320)
3(229 320 224)
3(230 229 224)
3(99 320 100)
3(38 100 320)
3(38 320 99)
3(112 248 140)
3(113 248 112)
3(283 287 289)
3(283 308 287)
3(283 289 308)
3(287 308 289)
3(291 307 288)
3(139 288 307)
3(139 291 288)
3(139 307 291)
3(112 315 291)
3(112 291 250)
3(291 315 250)
3(112 250 315)
3(147 112 315)
3(147 315 291)
3(147 291 112)
3(288 292 307)
3(291 307 292)
3(288 291 292)
3(139 140 307)
3(139 307 50)
3(307 140 50)
3(218 226 321)
3(218 220 226)
3(218 321 220)
3(220 321 226)
3(295 306 222)
3(144 222 306)
3(144 295 222)
3(144 306 295)
3(147 315 295)
3(147 283 315)
3(147 295 283)
3(295 315 283)
3(114 147 315)
3(114 315 295)
3(114 295 147)
3(222 286 306)
3(295 306 286)
3(222 295 286)
3(144 306 52)
3(51 306 144)
3(51 52 306)
3(250 154 304)
3(250 297 154)
3(250 304 297)
3(297 304 154)
3(251 327 177)
3(113 177 327)
3(113 251 177)
3(113 327 251)
3(251 249 229)
3(251 229 315)
3(229 249 315)
3(251 315 249)
3(251 315 111)
3(112 111 315)
3(112 315 251)
3(112 251 111)
3(177 178 327)
3(251 327 178)
3(177 251 178)
3(113 111 327)
3(27 327 111)
3(113 327 27)
3(119 238 105)
3(133 238 119)
3(221 227 226)
3(221 321 227)
3(221 226 321)
3(227 321 226)
3(241 317 228)
3(106 228 317)
3(106 241 228)
3(106 317 241)
3(119 313 241)
3(119 241 239)
3(241 313 239)
3(119 239 313)
3(118 313 241)
3(118 241 119)
3(118 119 313)
3(228 240 317)
3(241 317 240)
3(228 241 240)
3(106 105 317)
3(41 317 105)
3(106 317 41)
3(138 284 54)
3(142 284 138)
3(259 265 264)
3(259 312 265)
3(259 264 312)
3(265 312 264)
3(279 309 267)
3(279 267 161)
3(279 161 309)
3(161 267 309)
3(284 313 285)
3(284 296 313)
3(284 285 296)
3(296 285 313)
3(128 142 313)
3(128 313 279)
3(128 279 142)
3(279 313 142)
3(267 280 309)
3(279 309 280)
3(267 279 280)
3(127 309 48)
3(49 309 127)
3(49 48 309)
3(258 318 153)
3(239 153 318)
3(239 258 153)
3(239 318 258)
3(275 310 274)
3(133 274 310)
3(133 275 274)
3(133 310 275)
3(128 313 275)
3(128 259 313)
3(128 275 259)
3(275 313 259)
3(119 313 275)
3(119 275 128)
3(119 128 313)
3(275 310 260)
3(274 275 260)
3(130 46 310)
3(130 310 47)
3(220 308 289)
3(285 289 308)
3(285 220 289)
3(285 308 220)
3(296 306 286)
3(143 286 306)
3(143 296 286)
3(143 306 296)
3(118 313 296)
3(118 221 313)
3(118 296 221)
3(296 313 221)
3(142 118 313)
3(142 313 296)
3(142 296 118)
3(296 306 222)
3(286 296 222)
3(146 306 143)
3(51 143 306)
3(51 306 146)
3(76 183 64)
3(77 183 76)
3(299 300 154)
3(299 304 300)
3(299 154 304)
3(300 304 154)
3(72 174 181)
3(181 174 175)
3(72 175 174)
3(77 180 301)
3(180 302 301)
3(77 301 302)
3(299 302 180)
3(74 302 299)
3(74 299 180)
3(181 182 326)
3(181 326 180)
3(180 326 182)
3(181 180 182)
3(71 76 326)
3(28 326 76)
3(71 326 28)
3(74 176 79)
3(75 176 74)
3(194 201 199)
3(194 324 201)
3(194 199 324)
3(201 324 199)
3(184 325 185)
3(78 185 325)
3(78 184 185)
3(78 325 184)
3(74 302 184)
3(74 184 298)
3(184 302 298)
3(74 298 302)
3(82 74 302)
3(82 302 184)
3(82 184 74)
3(185 186 325)
3(184 325 186)
3(185 184 186)
3(78 325 29)
3(30 325 78)
3(30 29 325)
3(193 303 152)
3(301 152 303)
3(301 193 152)
3(301 303 193)
3(205 323 204)
3(87 204 323)
3(87 205 204)
3(87 323 205)
3(82 302 205)
3(82 194 302)
3(82 205 194)
3(205 302 194)
3(77 82 302)
3(77 302 205)
3(77 205 82)
3(205 323 195)
3(204 205 195)
3(87 323 35)
3(34 323 87)
3(297 305 156)
3(298 156 305)
3(298 297 156)
3(298 305 297)
3(179 327 178)
3(75 178 327)
3(75 179 178)
3(75 327 179)
3(74 180 72)
3(180 77 72)
3(175 74 180)
3(175 72 74)
3(179 327 177)
3(178 179 177)
3(75 73 327)
3(26 327 73)
3(75 327 26)
3(107 246 126)
3(110 246 107)
3(261 312 264)
3(266 261 264)
3(266 312 261)
3(266 264 312)
3(107 316 270)
3(107 270 242)
3(270 316 242)
3(107 242 316)
3(121 316 270)
3(121 270 107)
3(121 107 316)
3(262 311 270)
3(270 311 269)
3(262 270 269)
3(271 42 311)
3(271 311 120)
3(271 120 42)
3(120 311 42)
3(92 208 91)
3(81 208 92)
3(223 321 226)
3(210 223 226)
3(210 321 223)
3(210 226 321)
3(209 320 224)
3(209 224 232)
3(232 224 320)
3(209 232 320)
3(92 322 209)
3(92 209 215)
3(209 322 215)
3(92 215 322)
3(94 322 209)
3(94 209 92)
3(94 92 322)
3(209 320 230)
3(224 209 230)
3(232 36 91)
3(232 320 36)
3(232 91 320)
3(36 320 91)
3(227 318 153)
3(212 227 153)
3(212 318 227)
3(212 153 318)
3(211 317 240)
3(211 240 162)
3(211 162 317)
3(162 240 317)
3(94 322 211)
3(94 210 322)
3(94 211 210)
3(211 322 210)
3(95 322 211)
3(95 211 94)
3(95 94 322)
3(211 317 228)
3(240 211 228)
3(101 166 39)
3(101 97 166)
3(166 97 39)
3(109 245 70)
3(108 245 109)
3(300 303 152)
3(242 152 303)
3(242 300 152)
3(242 303 300)
3(243 326 182)
3(243 182 169)
3(243 169 326)
3(169 182 326)
3(108 316 243)
3(108 243 244)
3(243 316 244)
3(108 244 316)
3(107 316 243)
3(107 243 108)
3(107 108 316)
3(243 326 181)
3(182 243 181)
3(326 110 109)
3(28 110 326)
3(28 326 109)
3(196 324 199)
3(202 196 199)
3(202 324 196)
3(202 199 324)
3(213 319 197)
3(213 197 167)
3(213 167 319)
3(167 197 319)
3(95 322 213)
3(95 212 322)
3(95 213 212)
3(213 322 212)
3(89 322 213)
3(89 213 95)
3(89 95 322)
3(213 319 235)
3(197 213 235)
3(102 319 88)
3(32 88 319)
3(32 319 102)
3(136 278 135)
3(137 278 136)
3(287 304 154)
3(244 154 304)
3(244 287 154)
3(244 304 287)
3(293 307 292)
3(141 292 307)
3(141 293 292)
3(141 307 293)
3(136 316 293)
3(136 293 290)
3(293 316 290)
3(136 290 316)
3(108 136 316)
3(108 316 293)
3(108 293 136)
3(293 307 288)
3(292 293 288)
3(50 307 135)
3(135 307 141)
3(50 141 307)
3(265 308 289)
3(290 289 308)
3(290 265 289)
3(290 308 265)
3(281 309 280)
3(137 280 309)
3(137 281 280)
3(137 309 281)
3(281 266 270)
3(281 270 316)
3(270 266 316)
3(281 316 266)
3(136 121 316)
3(281 316 121)
3(136 316 281)
3(136 281 121)
3(281 309 267)
3(280 281 267)
3(309 137 123)
3(49 137 309)
3(49 309 123)
3(201 305 156)
3(215 156 305)
3(215 201 156)
3(215 305 201)
3(187 325 186)
3(81 186 325)
3(81 187 186)
3(81 325 187)
3(89 322 187)
3(89 202 322)
3(89 187 202)
3(187 322 202)
3(92 89 322)
3(92 322 187)
3(92 187 89)
3(187 325 185)
3(186 187 185)
3(80 325 81)
3(30 81 325)
3(30 325 80)
3(168 269 252)
3(269 303 252)
3(168 252 303)
3(168 303 269)
3(271 125 269)
3(271 311 125)
3(271 269 311)
3(252 330 168)
3(206 168 330)
3(252 168 206)
3(252 206 330)
3(271 252 125)
3(271 125 63)
3(271 63 252)
3(252 271 269)
3(252 168 271)
3(271 168 269)
3(252 125 269)
3(252 330 271)
3(330 168 271)
3(163 235 236)
3(235 318 236)
3(163 236 318)
3(163 318 235)
3(164 103 235)
3(164 319 103)
3(164 235 319)
3(132 163 236)
3(132 276 163)
3(276 236 163)
3(132 236 276)
3(103 164 236)
3(132 236 164)
3(132 103 236)
3(132 164 103)
3(236 164 235)
3(236 163 164)
3(164 163 235)
3(236 103 235)
3(132 163 164)
3(1 333 14)
3(57 14 333)
3(57 333 1)
3(263 260 255)
3(263 255 312)
3(260 312 255)
3(263 312 260)
3(277 131 260)
3(277 310 131)
3(277 260 310)
3(263 56 277)
3(263 334 56)
3(56 334 277)
3(263 277 334)
3(277 255 131)
3(277 56 255)
3(277 131 56)
3(255 277 260)
3(255 263 277)
3(277 263 260)
3(255 131 260)
3(255 263 56)
3(198 195 190)
3(198 190 324)
3(195 324 190)
3(198 324 195)
3(207 86 195)
3(207 323 86)
3(207 195 323)
3(198 62 207)
3(198 331 62)
3(62 331 207)
3(198 207 331)
3(198 195 86)
3(198 86 190)
3(86 195 190)
3(198 207 86)
3(198 195 207)
3(198 62 86)
3(62 207 86)
3(198 62 190)
3(171 230 247)
3(230 305 247)
3(171 247 305)
3(171 305 230)
3(231 100 230)
3(231 320 100)
3(231 230 320)
3(171 66 231)
3(66 329 231)
3(171 329 66)
3(171 231 329)
3(231 247 100)
3(231 66 247)
3(231 100 66)
3(247 231 230)
3(247 171 231)
3(231 171 230)
3(247 100 230)
3(247 171 66)
3(158 288 282)
3(288 308 282)
3(158 282 308)
3(158 308 288)
3(159 139 288)
3(159 307 139)
3(159 288 307)
3(158 53 159)
3(53 335 159)
3(158 335 53)
3(158 159 335)
3(159 282 139)
3(159 53 282)
3(282 53 139)
3(159 139 53)
3(282 159 288)
3(282 158 159)
3(159 158 288)
3(282 139 288)
3(282 158 53)
3(53 9 335)
3(53 335 0)
3(0 335 9)
3(225 222 217)
3(225 217 321)
3(222 321 217)
3(225 321 222)
3(165 144 222)
3(165 306 144)
3(165 222 306)
3(217 332 225)
3(232 225 332)
3(217 225 232)
3(217 232 332)
3(165 217 144)
3(165 60 217)
3(165 144 60)
3(217 165 222)
3(217 225 165)
3(165 225 222)
3(217 144 222)
3(217 332 165)
3(332 225 165)
3(173 177 248)
3(173 248 304)
3(177 304 248)
3(173 304 177)
3(172 113 177)
3(172 327 113)
3(172 177 327)
3(173 68 172)
3(173 328 68)
3(68 328 172)
3(173 172 328)
3(172 248 113)
3(172 68 248)
3(172 113 68)
3(248 172 177)
3(248 173 172)
3(172 173 177)
3(248 113 177)
3(248 173 68)
3(225 228 219)
3(228 321 219)
3(225 219 321)
3(225 321 228)
3(166 106 228)
3(166 317 106)
3(166 228 317)
3(225 61 166)
3(225 166 332)
3(61 332 166)
3(225 332 61)
3(166 219 106)
3(166 61 219)
3(219 61 106)
3(166 106 61)
3(219 166 228)
3(219 225 166)
3(166 225 228)
3(219 106 228)
3(219 225 61)
3(263 267 257)
3(267 312 257)
3(263 257 312)
3(263 312 267)
3(257 267 161)
3(279 257 161)
3(279 267 257)
3(263 129 161)
3(263 161 334)
3(129 334 161)
3(263 334 129)
3(161 129 257)
3(257 129 127)
3(161 257 127)
3(161 127 129)
3(257 263 161)
3(161 263 267)
3(279 161 127)
3(279 127 309)
3(161 309 127)
3(257 263 129)
3(334 11 7)
3(45 334 7)
3(45 11 334)
3(163 274 238)
3(163 318 274)
3(163 238 318)
3(274 318 238)
3(276 133 274)
3(276 274 310)
3(276 310 133)
3(163 58 276)
3(163 276 333)
3(163 333 58)
3(58 333 276)
3(276 238 133)
3(276 58 238)
3(276 133 58)
3(238 276 274)
3(238 163 276)
3(276 163 274)
3(238 133 274)
3(238 163 58)
3(158 286 284)
3(158 308 286)
3(158 284 308)
3(286 308 284)
3(157 143 286)
3(157 286 306)
3(157 306 143)
3(158 54 157)
3(158 157 335)
3(158 335 54)
3(54 335 157)
3(157 284 143)
3(157 54 284)
3(157 143 54)
3(284 157 286)
3(284 158 157)
3(157 158 286)
3(284 143 286)
3(284 158 54)
3(173 181 175)
3(181 304 175)
3(173 175 304)
3(173 304 181)
3(72 174 326)
3(72 326 181)
3(174 181 326)
3(173 69 174)
3(69 328 174)
3(173 328 69)
3(173 174 328)
3(72 174 71)
3(72 71 326)
3(174 326 71)
3(175 173 174)
3(174 173 181)
3(174 69 175)
3(72 69 174)
3(175 173 69)
3(198 185 192)
3(185 324 192)
3(198 192 324)
3(198 324 185)
3(188 78 185)
3(188 325 78)
3(188 185 325)
3(198 83 188)
3(83 331 188)
3(198 331 83)
3(198 188 331)
3(188 192 78)
3(188 83 192)
3(188 78 83)
3(192 188 185)
3(192 198 188)
3(188 198 185)
3(192 78 185)
3(192 198 83)
3(83 29 331)
3(83 331 3)
3(3 331 29)
3(168 204 183)
3(168 303 204)
3(168 183 303)
3(204 303 183)
3(206 87 204)
3(206 204 323)
3(206 323 87)
3(168 64 206)
3(168 330 64)
3(64 330 206)
3(206 183 87)
3(206 64 183)
3(206 87 64)
3(183 206 204)
3(183 168 206)
3(206 168 204)
3(183 87 204)
3(183 168 64)
3(171 178 176)
3(171 305 178)
3(171 176 305)
3(178 305 176)
3(170 75 178)
3(170 178 327)
3(170 327 75)
3(171 67 170)
3(171 170 329)
3(171 329 67)
3(67 329 170)
3(170 176 75)
3(170 67 176)
3(170 75 67)
3(176 170 178)
3(176 171 170)
3(170 171 178)
3(176 75 178)
3(176 171 67)
3(263 262 254)
3(263 312 262)
3(262 312 254)
3(263 254 312)
3(311 270 122)
3(122 270 262)
3(311 122 262)
3(254 334 263)
3(254 263 161)
3(254 161 334)
3(122 270 120)
3(270 121 120)
3(254 272 262)
3(254 263 272)
3(272 263 262)
3(122 262 254)
3(122 272 262)
3(122 254 272)
3(334 263 272)
3(254 334 272)
3(225 224 216)
3(225 321 224)
3(224 321 216)
3(225 216 321)
3(216 224 232)
3(209 216 232)
3(209 224 216)
3(216 332 225)
3(216 166 332)
3(216 225 166)
3(332 16 166)
3(97 332 166)
3(97 166 16)
3(97 16 332)
3(216 225 232)
3(232 225 224)
3(232 96 91)
3(232 36 96)
3(216 332 232)
3(163 240 233)
3(163 318 240)
3(240 318 233)
3(163 233 318)
3(233 240 162)
3(211 233 162)
3(211 240 233)
3(163 59 162)
3(163 162 333)
3(59 333 162)
3(163 333 59)
3(162 59 233)
3(233 59 101)
3(162 233 101)
3(162 101 59)
3(233 163 162)
3(162 163 240)
3(211 162 101)
3(211 101 317)
3(162 317 101)
3(233 163 59)
3(168 182 246)
3(168 303 182)
3(168 246 303)
3(182 303 246)
3(246 182 169)
3(243 246 169)
3(243 182 246)
3(168 65 169)
3(168 169 330)
3(168 330 65)
3(65 330 169)
3(169 65 246)
3(169 246 110)
3(169 110 65)
3(246 168 169)
3(169 168 182)
3(243 169 110)
3(243 110 326)
3(169 326 110)
3(246 168 65)
3(198 197 200)
3(198 324 197)
3(197 324 200)
3(198 200 324)
3(200 197 167)
3(213 200 167)
3(213 197 200)
3(198 90 167)
3(198 167 331)
3(90 331 167)
3(198 331 90)
3(167 90 200)
3(167 200 88)
3(167 88 90)
3(200 198 167)
3(167 198 197)
3(213 167 88)
3(213 88 319)
3(167 319 88)
3(200 198 90)
3(173 292 245)
3(173 304 292)
3(173 245 304)
3(292 304 245)
3(294 141 292)
3(294 292 307)
3(294 307 141)
3(173 70 294)
3(173 294 328)
3(173 328 70)
3(70 328 294)
3(294 245 141)
3(294 70 245)
3(294 141 70)
3(245 294 292)
3(245 173 294)
3(294 173 292)
3(245 141 292)
3(245 173 70)
3(158 280 278)
3(158 308 280)
3(158 278 308)
3(280 308 278)
3(160 137 280)
3(160 280 309)
3(160 309 137)
3(158 55 160)
3(158 160 335)
3(158 335 55)
3(55 335 160)
3(160 278 137)
3(160 55 278)
3(160 137 55)
3(278 160 280)
3(278 158 160)
3(160 158 280)
3(278 137 280)
3(278 158 55)
3(171 186 208)
3(171 305 186)
3(171 208 305)
3(186 305 208)
3(189 81 186)
3(189 186 325)
3(189 325 81)
3(171 93 189)
3(171 189 329)
3(171 329 93)
3(93 329 189)
3(189 208 81)
3(189 93 208)
3(189 81 93)
3(208 189 186)
3(208 171 189)
3(189 171 186)
3(208 81 186)
3(208 171 93)
3(63 65 4)
3(63 44 65)
3(66 20 329)
3(66 329 5)
3(5 329 20)
3(15 332 2)
3(15 16 332)
3(332 16 2)
3(328 69 23)
3(22 328 23)
3(22 69 328)
3(333 13 1)
3(14 13 333)
3(334 43 7)
3(11 43 334)
3(3 331 31)
3(90 31 331)
3(90 331 3)
3(262 263 255)
3(262 255 312)
3(124 272 262)
3(124 262 311)
3(124 311 272)
3(272 311 262)
3(56 263 272)
3(56 272 334)
3(255 272 124)
3(255 56 272)
3(272 56 124)
3(272 255 262)
3(272 263 255)
3(255 262 124)
3(116 314 134)
3(256 264 261)
3(256 261 312)
3(253 148 256)
3(253 256 314)
3(148 314 256)
3(253 314 148)
3(152 264 148)
3(264 336 148)
3(152 148 336)
3(152 336 264)
3(261 148 253)
3(261 152 148)
3(148 152 253)
3(148 261 256)
3(148 264 261)
3(148 256 264)
3(261 256 253)
3(261 152 264)
3(115 253 268)
3(253 314 268)
3(125 252 115)
3(85 115 252)
3(269 253 252)
3(269 303 253)
3(253 303 252)
3(268 252 125)
3(268 269 252)
3(252 268 115)
3(252 253 268)
3(252 115 253)
3(268 115 125)
3(268 269 253)
3(124 262 268)
3(124 268 311)
3(256 262 255)
3(256 312 262)
3(256 255 312)
3(268 255 134)
3(268 256 255)
3(255 256 134)
3(255 268 124)
3(255 262 268)
3(268 124 134)
3(268 256 262)
3(125 124 268)
3(124 268 115)
3(253 256 268)
3(269 261 253)
3(269 303 261)
3(262 256 261)
3(262 261 312)
3(268 261 269)
3(268 262 261)
3(261 262 269)
3(261 268 253)
3(261 256 268)
3(43 56 334)
3(43 334 45)
3(334 56 45)
3(272 124 42)
3(272 42 311)
3(43 56 272)
3(43 272 334)
3(124 272 43)
3(42 272 43)
3(42 125 271)
3(63 271 330)
3(65 330 271)
3(63 330 65)
3(63 65 271)
3(125 44 271)
3(63 271 44)
3(42 126 271)
3(271 126 44)
3(42 271 44)
3(197 198 190)
3(197 190 324)
3(104 167 197)
3(104 197 319)
3(104 319 167)
3(62 198 167)
3(62 167 331)
3(190 167 104)
3(190 62 167)
3(167 62 104)
3(167 190 197)
3(167 198 190)
3(190 197 104)
3(191 199 196)
3(191 196 324)
3(237 148 191)
3(237 191 314)
3(237 314 148)
3(148 314 191)
3(153 199 148)
3(153 148 336)
3(199 336 148)
3(153 336 199)
3(196 148 237)
3(196 153 148)
3(148 153 237)
3(148 196 191)
3(148 199 196)
3(148 191 199)
3(196 191 237)
3(196 153 199)
3(117 237 234)
3(237 314 234)
3(103 236 117)
3(132 117 236)
3(235 237 236)
3(235 318 237)
3(237 318 236)
3(234 236 103)
3(234 235 236)
3(236 234 117)
3(236 237 234)
3(236 117 237)
3(234 117 103)
3(234 235 237)
3(104 197 234)
3(104 234 319)
3(191 197 190)
3(191 324 197)
3(191 190 324)
3(234 190 116)
3(234 191 190)
3(190 191 116)
3(190 234 104)
3(190 197 234)
3(234 104 116)
3(234 191 197)
3(103 104 234)
3(103 319 104)
3(104 234 117)
3(237 191 234)
3(235 196 237)
3(235 318 196)
3(197 191 196)
3(197 196 324)
3(234 196 235)
3(234 197 196)
3(196 197 235)
3(196 234 237)
3(196 191 234)
3(62 331 3)
3(62 33 331)
3(3 331 33)
3(164 40 103)
3(40 319 103)
3(164 319 40)
3(57 14 164)
3(14 333 164)
3(57 164 40)
3(57 103 164)
3(14 164 40)
3(32 167 104)
3(32 319 167)
3(31 62 167)
3(31 331 62)
3(31 167 331)
3(62 167 32)
3(32 167 31)
3(274 163 236)
3(274 236 318)
3(236 310 274)
3(236 273 310)
3(236 274 273)
3(132 276 333)
3(132 333 163)
3(333 132 12)
3(132 276 12)
3(333 12 276)
3(276 236 274)
3(236 310 276)
3(163 164 333)
3(237 153 258)
3(237 258 318)
3(256 148 237)
3(256 237 314)
3(264 153 148)
3(264 336 153)
3(258 148 256)
3(258 264 148)
3(148 258 237)
3(148 153 258)
3(258 237 256)
3(258 264 153)
3(134 256 273)
3(256 314 273)
3(260 256 255)
3(260 312 256)
3(273 255 131)
3(273 260 255)
3(255 273 134)
3(255 256 273)
3(273 134 131)
3(273 260 256)
3(131 276 310)
3(131 47 276)
3(276 47 310)
3(237 274 236)
3(237 318 274)
3(273 236 117)
3(273 237 236)
3(236 131 273)
3(236 117 131)
3(117 273 131)
3(236 131 310)
3(273 237 274)
3(131 276 236)
3(236 132 131)
3(256 237 273)
3(260 258 256)
3(260 312 258)
3(274 237 258)
3(274 258 318)
3(273 258 260)
3(273 274 258)
3(258 274 260)
3(258 273 256)
3(258 237 273)
3(57 333 12)
3(12 333 1)
3(277 46 131)
3(277 310 46)
3(56 45 277)
3(45 334 277)
3(56 277 46)
3(277 46 45)
3(131 276 132)
3(47 132 276)
3(47 276 12)
3(204 168 252)
3(204 252 303)
3(203 206 204)
3(203 323 206)
3(252 330 63)
3(252 63 206)
3(252 206 85)
3(206 63 85)
3(206 252 204)
3(203 206 252)
3(203 252 204)
3(206 330 63)
3(253 152 193)
3(253 193 303)
3(191 148 253)
3(191 253 314)
3(199 152 148)
3(199 336 152)
3(193 148 191)
3(193 199 148)
3(148 193 253)
3(148 152 193)
3(193 253 191)
3(193 199 152)
3(116 191 203)
3(191 314 203)
3(195 191 190)
3(195 324 191)
3(203 190 86)
3(203 195 190)
3(190 203 116)
3(190 191 203)
3(203 195 191)
3(203 85 252)
3(203 206 85)
3(253 204 252)
3(253 303 204)
3(203 252 115)
3(203 253 252)
3(206 337 323)
3(206 203 337)
3(203 85 115)
3(203 253 204)
3(206 337 35)
3(206 35 323)
3(337 115 203)
3(337 203 85)
3(191 253 203)
3(195 193 191)
3(195 324 193)
3(204 253 193)
3(204 193 303)
3(203 193 195)
3(203 204 193)
3(193 204 195)
3(193 203 191)
3(193 253 203)
3(63 330 17)
3(17 330 4)
3(63 4 330)
3(206 85 35)
3(206 337 85)
3(17 63 206)
3(17 206 330)
3(17 206 85)
3(17 35 206)
3(86 207 34)
3(207 323 34)
3(62 33 207)
3(33 331 207)
3(86 207 33)
3(33 207 34)
3(224 225 217)
3(224 217 321)
3(99 232 224)
3(99 224 320)
3(99 320 232)
3(217 332 60)
3(332 165 60)
3(217 232 99)
3(217 60 232)
3(232 60 99)
3(232 217 224)
3(217 224 99)
3(232 332 60)
3(112 315 114)
3(218 226 223)
3(218 223 321)
3(249 149 218)
3(249 218 315)
3(149 315 218)
3(249 315 149)
3(156 226 149)
3(226 336 149)
3(156 149 336)
3(156 336 226)
3(223 149 249)
3(223 156 149)
3(149 156 249)
3(149 223 218)
3(149 226 223)
3(149 218 226)
3(223 218 249)
3(223 156 226)
3(247 249 229)
3(251 247 229)
3(251 249 247)
3(230 249 247)
3(230 305 249)
3(249 305 247)
3(229 247 100)
3(229 230 247)
3(251 229 111)
3(229 111 100)
3(247 111 229)
3(229 230 249)
3(99 224 229)
3(99 229 320)
3(218 224 217)
3(218 321 224)
3(218 217 321)
3(229 217 114)
3(229 218 217)
3(217 218 114)
3(217 229 99)
3(217 224 229)
3(229 99 114)
3(229 218 224)
3(100 99 229)
3(114 229 100)
3(249 218 229)
3(230 223 249)
3(230 305 223)
3(224 218 223)
3(224 223 321)
3(229 223 230)
3(229 224 223)
3(223 224 230)
3(223 229 249)
3(223 218 229)
3(60 332 2)
3(60 15 332)
3(232 99 36)
3(99 320 36)
3(37 60 232)
3(37 332 60)
3(37 232 332)
3(36 232 60)
3(37 36 232)
3(100 231 38)
3(231 320 38)
3(66 20 231)
3(20 329 231)
3(20 231 100)
3(20 231 38)
3(38 320 36)
3(292 173 248)
3(292 248 304)
3(140 294 292)
3(140 292 307)
3(140 307 294)
3(68 173 294)
3(68 294 328)
3(248 294 140)
3(248 68 294)
3(294 68 140)
3(294 248 292)
3(294 173 248)
3(248 292 140)
3(250 154 287)
3(250 287 304)
3(283 149 250)
3(283 250 315)
3(283 315 149)
3(149 315 250)
3(289 154 149)
3(289 149 336)
3(154 336 149)
3(289 336 154)
3(287 149 283)
3(287 289 149)
3(149 289 283)
3(149 287 250)
3(149 154 287)
3(149 250 154)
3(287 250 283)
3(287 289 154)
3(147 283 291)
3(283 315 291)
3(147 139 282)
3(288 283 282)
3(288 308 283)
3(283 308 282)
3(291 282 139)
3(291 288 282)
3(282 291 147)
3(282 283 291)
3(282 147 283)
3(291 147 139)
3(291 288 283)
3(140 292 291)
3(140 291 307)
3(250 292 248)
3(250 304 292)
3(250 248 304)
3(291 248 112)
3(291 250 248)
3(248 250 112)
3(248 291 140)
3(248 292 291)
3(291 140 112)
3(291 250 292)
3(139 140 291)
3(112 291 139)
3(283 250 291)
3(288 287 283)
3(288 308 287)
3(292 250 287)
3(292 287 304)
3(291 287 288)
3(291 292 287)
3(287 292 288)
3(287 291 283)
3(287 250 291)
3(68 328 6)
3(68 22 328)
3(6 328 22)
3(159 307 50)
3(159 50 139)
3(53 9 159)
3(9 335 159)
3(9 159 139)
3(50 294 140)
3(50 307 294)
3(24 68 294)
3(24 328 68)
3(24 294 328)
3(24 140 294)
3(24 50 294)
3(159 307 135)
3(159 135 50)
3(286 158 282)
3(286 282 308)
3(145 157 286)
3(145 286 306)
3(145 306 157)
3(53 158 157)
3(53 157 335)
3(282 157 145)
3(282 53 157)
3(157 53 145)
3(157 282 286)
3(157 158 282)
3(282 286 145)
3(283 289 220)
3(283 220 308)
3(218 149 283)
3(218 283 315)
3(226 289 149)
3(226 336 289)
3(220 149 218)
3(220 226 149)
3(149 220 283)
3(149 289 220)
3(220 283 218)
3(220 226 289)
3(114 218 295)
3(218 315 295)
3(222 218 217)
3(222 321 218)
3(295 217 144)
3(295 222 217)
3(217 295 114)
3(217 218 295)
3(295 114 144)
3(295 222 218)
3(145 286 295)
3(145 295 306)
3(283 286 282)
3(283 308 286)
3(295 282 147)
3(295 283 282)
3(282 295 145)
3(282 286 295)
3(295 145 147)
3(295 283 286)
3(144 145 295)
3(144 306 145)
3(145 295 114)
3(218 283 295)
3(222 220 218)
3(222 321 220)
3(286 283 220)
3(286 220 308)
3(295 220 222)
3(295 286 220)
3(220 286 222)
3(220 295 218)
3(220 283 295)
3(37 332 2)
3(53 335 8)
3(8 335 0)
3(165 52 144)
3(165 306 52)
3(60 15 165)
3(15 332 165)
3(15 165 144)
3(15 165 52)
3(51 157 145)
3(51 145 306)
3(51 306 157)
3(8 53 157)
3(8 157 335)
3(8 157 145)
3(8 51 157)
3(178 171 247)
3(178 247 305)
3(111 170 178)
3(111 178 327)
3(111 327 170)
3(66 171 170)
3(66 170 329)
3(247 170 111)
3(247 66 170)
3(170 66 111)
3(170 247 178)
3(170 171 247)
3(247 178 111)
3(249 156 297)
3(249 297 305)
3(250 149 249)
3(250 249 315)
3(154 156 149)
3(154 336 156)
3(297 149 250)
3(297 154 149)
3(149 297 249)
3(149 156 297)
3(297 249 250)
3(297 154 156)
3(112 250 251)
3(250 315 251)
3(177 250 248)
3(177 304 250)
3(251 248 113)
3(251 177 248)
3(248 251 112)
3(248 250 251)
3(251 112 113)
3(251 177 250)
3(111 178 251)
3(111 251 327)
3(249 178 247)
3(249 305 178)
3(251 247 111)
3(247 178 251)
3(251 249 178)
3(113 111 251)
3(250 249 251)
3(177 297 250)
3(177 304 297)
3(178 249 297)
3(178 297 305)
3(251 297 177)
3(251 178 297)
3(297 178 177)
3(297 251 250)
3(297 249 251)
3(66 329 19)
3(19 329 5)
3(24 328 6)
3(170 111 27)
3(170 27 327)
3(19 66 170)
3(19 170 329)
3(66 170 27)
3(27 170 19)
3(113 172 26)
3(113 26 327)
3(172 327 26)
3(68 22 172)
3(22 328 172)
3(68 172 26)
3(22 172 26)
3(26 327 27)
3(240 163 238)
3(240 238 318)
3(105 162 240)
3(105 240 317)
3(105 317 162)
3(58 163 162)
3(58 162 333)
3(238 162 105)
3(238 58 162)
3(162 58 105)
3(162 238 240)
3(162 163 238)
3(238 240 105)
3(118 313 128)
3(239 153 227)
3(239 227 318)
3(221 150 239)
3(221 239 313)
3(150 313 239)
3(221 313 150)
3(226 153 150)
3(153 336 150)
3(226 150 336)
3(226 336 153)
3(227 150 221)
3(227 226 150)
3(150 226 221)
3(150 227 239)
3(150 153 227)
3(150 239 153)
3(227 239 221)
3(227 226 153)
3(118 221 241)
3(221 313 241)
3(118 106 219)
3(228 221 219)
3(228 321 221)
3(221 321 219)
3(241 219 106)
3(241 228 219)
3(219 241 118)
3(219 221 241)
3(219 118 221)
3(241 118 106)
3(241 228 221)
3(105 240 241)
3(105 241 317)
3(239 240 238)
3(239 318 240)
3(239 238 318)
3(241 238 119)
3(241 239 238)
3(238 239 119)
3(238 241 105)
3(238 240 241)
3(241 105 119)
3(241 239 240)
3(106 105 241)
3(119 241 106)
3(221 239 241)
3(228 227 221)
3(228 321 227)
3(240 239 227)
3(240 227 318)
3(241 227 228)
3(241 240 227)
3(227 240 228)
3(227 241 221)
3(227 239 241)
3(58 333 1)
3(58 12 333)
3(162 105 41)
3(162 41 317)
3(13 58 162)
3(13 333 58)
3(13 162 333)
3(13 162 105)
3(13 41 162)
3(106 166 39)
3(106 39 317)
3(166 317 39)
3(61 16 166)
3(61 332 16)
3(16 166 106)
3(16 166 39)
3(39 317 41)
3(280 158 284)
3(280 284 308)
3(138 160 280)
3(138 280 309)
3(138 309 160)
3(54 158 160)
3(54 160 335)
3(284 160 138)
3(284 54 160)
3(160 54 138)
3(160 284 280)
3(160 158 284)
3(284 280 138)
3(285 289 265)
3(285 265 308)
3(259 150 285)
3(259 285 313)
3(259 313 150)
3(150 313 285)
3(264 289 150)
3(264 150 336)
3(289 336 150)
3(264 336 289)
3(265 150 259)
3(265 264 150)
3(150 264 259)
3(150 265 285)
3(150 289 265)
3(150 285 289)
3(265 285 259)
3(265 264 289)
3(128 259 279)
3(259 313 279)
3(128 127 257)
3(267 259 257)
3(267 312 259)
3(259 312 257)
3(279 257 127)
3(257 279 128)
3(257 259 279)
3(257 128 259)
3(279 128 127)
3(279 267 259)
3(138 280 279)
3(138 279 309)
3(285 280 284)
3(285 308 280)
3(285 284 308)
3(284 279 285)
3(313 285 279)
3(284 313 279)
3(284 279 138)
3(284 280 279)
3(279 138 142)
3(284 279 142)
3(279 285 280)
3(127 138 279)
3(127 309 138)
3(128 279 138)
3(259 285 279)
3(267 265 259)
3(267 312 265)
3(280 285 265)
3(280 265 308)
3(279 265 267)
3(279 280 265)
3(265 280 267)
3(265 279 259)
3(265 285 279)
3(54 335 0)
3(54 8 335)
3(161 48 127)
3(161 309 48)
3(129 11 161)
3(129 334 11)
3(11 334 161)
3(129 161 48)
3(11 161 48)
3(49 160 138)
3(49 138 309)
3(49 309 160)
3(10 54 160)
3(10 335 54)
3(10 160 335)
3(10 160 138)
3(10 49 160)
3(260 263 257)
3(260 257 312)
3(130 277 260)
3(130 260 310)
3(130 310 277)
3(129 263 277)
3(129 277 334)
3(257 277 130)
3(257 129 277)
3(277 129 130)
3(277 257 260)
3(277 263 257)
3(257 260 130)
3(259 264 258)
3(259 258 312)
3(239 150 259)
3(239 259 313)
3(153 264 150)
3(258 150 239)
3(258 153 150)
3(150 258 259)
3(150 264 258)
3(258 259 239)
3(119 239 275)
3(239 313 275)
3(274 239 238)
3(274 318 239)
3(275 238 133)
3(275 274 238)
3(238 275 119)
3(238 239 275)
3(275 119 133)
3(275 274 239)
3(130 260 275)
3(130 275 310)
3(259 260 257)
3(259 312 260)
3(275 257 128)
3(275 259 257)
3(257 275 130)
3(257 260 275)
3(275 130 128)
3(275 259 260)
3(133 130 275)
3(133 310 130)
3(119 275 130)
3(239 259 275)
3(274 258 239)
3(260 259 258)
3(275 258 274)
3(275 260 258)
3(258 275 239)
3(258 259 275)
3(45 129 334)
3(276 47 133)
3(47 310 133)
3(58 12 276)
3(47 276 58)
3(46 277 130)
3(45 129 277)
3(46 277 129)
3(222 225 219)
3(222 219 321)
3(146 165 222)
3(146 222 306)
3(146 306 165)
3(61 225 165)
3(61 165 332)
3(219 165 146)
3(219 61 165)
3(165 61 146)
3(165 219 222)
3(165 225 219)
3(219 222 146)
3(221 226 220)
3(221 220 321)
3(285 150 221)
3(285 221 313)
3(289 226 150)
3(220 150 285)
3(220 289 150)
3(150 220 221)
3(150 226 220)
3(220 221 285)
3(284 313 142)
3(286 285 284)
3(286 308 285)
3(296 284 143)
3(296 286 284)
3(284 296 142)
3(296 142 143)
3(296 286 285)
3(146 222 296)
3(146 296 306)
3(221 222 219)
3(221 321 222)
3(296 219 118)
3(296 221 219)
3(219 296 146)
3(219 222 296)
3(296 146 118)
3(296 221 222)
3(143 146 296)
3(143 296 118)
3(285 221 296)
3(286 220 285)
3(222 221 220)
3(296 220 286)
3(296 222 220)
3(220 296 285)
3(220 221 296)
3(15 61 332)
3(10 335 0)
3(165 146 52)
3(146 306 52)
3(15 61 165)
3(61 165 52)
3(143 157 51)
3(54 8 157)
3(8 157 143)
3(182 168 183)
3(182 183 303)
3(76 169 182)
3(76 182 326)
3(76 326 169)
3(64 168 169)
3(64 169 330)
3(183 169 76)
3(183 64 169)
3(169 64 76)
3(169 183 182)
3(169 168 183)
3(183 182 76)
3(301 152 300)
3(301 300 303)
3(299 151 301)
3(299 301 302)
3(151 302 301)
3(299 302 151)
3(154 152 151)
3(152 336 151)
3(154 151 336)
3(154 336 152)
3(300 151 299)
3(300 154 151)
3(151 154 299)
3(151 300 301)
3(151 152 300)
3(151 301 152)
3(300 301 299)
3(300 154 152)
3(299 298 74)
3(74 298 179)
3(299 74 179)
3(299 179 298)
3(174 71 69)
3(181 299 175)
3(181 304 299)
3(299 304 175)
3(72 180 326)
3(76 326 180)
3(72 76 180)
3(72 326 76)
3(180 181 299)
3(180 299 175)
3(76 182 180)
3(301 182 183)
3(301 303 182)
3(301 183 303)
3(180 183 77)
3(180 301 183)
3(183 301 77)
3(183 180 76)
3(183 182 180)
3(180 76 77)
3(180 301 182)
3(299 301 180)
3(181 300 299)
3(181 304 300)
3(182 301 300)
3(182 300 303)
3(180 300 181)
3(180 182 300)
3(300 182 181)
3(300 180 299)
3(300 301 180)
3(18 64 330)
3(18 330 17)
3(330 64 17)
3(169 76 28)
3(169 28 326)
3(18 64 169)
3(18 169 330)
3(18 169 76)
3(18 28 169)
3(71 174 25)
3(71 25 326)
3(174 326 25)
3(69 23 174)
3(23 328 174)
3(69 174 25)
3(23 174 25)
3(25 326 28)
3(186 171 176)
3(186 176 305)
3(79 189 186)
3(79 186 325)
3(79 325 189)
3(67 171 189)
3(67 189 329)
3(176 189 79)
3(176 67 189)
3(189 67 79)
3(189 176 186)
3(189 171 176)
3(176 186 79)
3(298 156 201)
3(298 201 305)
3(194 151 298)
3(194 298 302)
3(194 302 151)
3(151 302 298)
3(199 156 151)
3(199 151 336)
3(156 336 151)
3(199 336 156)
3(201 151 194)
3(201 199 151)
3(151 199 194)
3(151 201 298)
3(151 156 201)
3(151 298 156)
3(201 298 194)
3(201 199 156)
3(82 194 184)
3(194 302 184)
3(78 192 82)
3(84 82 192)
3(185 194 192)
3(185 324 194)
3(194 324 192)
3(184 192 78)
3(184 185 192)
3(192 184 82)
3(192 194 184)
3(192 82 194)
3(184 82 78)
3(184 185 194)
3(79 186 184)
3(79 184 325)
3(298 186 176)
3(298 305 186)
3(298 176 305)
3(184 176 74)
3(184 298 176)
3(176 298 74)
3(176 184 79)
3(176 186 184)
3(184 79 74)
3(184 298 186)
3(78 79 184)
3(78 325 79)
3(79 184 82)
3(194 298 184)
3(185 201 194)
3(185 324 201)
3(186 298 201)
3(186 201 305)
3(184 201 185)
3(184 186 201)
3(201 186 185)
3(201 184 194)
3(201 298 184)
3(67 329 5)
3(67 19 329)
3(188 29 78)
3(188 325 29)
3(83 29 188)
3(29 331 188)
3(30 189 79)
3(30 79 325)
3(30 325 189)
3(21 67 189)
3(21 329 67)
3(21 189 329)
3(30 189 67)
3(21 30 189)
3(195 198 192)
3(195 192 324)
3(84 207 195)
3(84 195 323)
3(84 323 207)
3(83 198 207)
3(83 207 331)
3(192 207 84)
3(192 83 207)
3(207 83 84)
3(207 192 195)
3(207 198 192)
3(192 195 84)
3(194 199 193)
3(194 193 324)
3(301 151 194)
3(301 194 302)
3(152 199 151)
3(193 151 301)
3(193 152 151)
3(151 193 194)
3(151 199 193)
3(193 194 301)
3(77 301 205)
3(301 302 205)
3(204 301 183)
3(204 303 301)
3(205 183 87)
3(205 204 183)
3(183 205 77)
3(183 301 205)
3(205 77 87)
3(205 204 301)
3(84 195 205)
3(84 205 323)
3(194 195 192)
3(194 324 195)
3(205 192 82)
3(205 194 192)
3(192 205 84)
3(192 195 205)
3(205 84 82)
3(205 194 195)
3(87 84 205)
3(87 323 84)
3(87 205 82)
3(301 194 205)
3(204 193 301)
3(195 194 193)
3(205 193 204)
3(205 195 193)
3(193 205 301)
3(193 194 205)
3(18 330 4)
3(83 331 33)
3(206 35 87)
3(64 17 206)
3(35 206 64)
3(34 207 84)
3(34 84 323)
3(33 83 207)
3(84 207 33)
3(177 173 175)
3(177 175 304)
3(73 172 177)
3(73 177 327)
3(73 327 172)
3(69 173 172)
3(69 172 328)
3(175 172 73)
3(175 69 172)
3(172 69 73)
3(172 175 177)
3(172 173 175)
3(175 177 73)
3(73 179 175)
3(74 73 175)
3(74 175 179)
3(74 179 73)
3(299 154 297)
3(299 297 304)
3(298 151 299)
3(298 299 302)
3(156 154 151)
3(297 151 298)
3(297 156 151)
3(151 297 299)
3(151 154 297)
3(297 299 298)
3(178 298 176)
3(178 305 298)
3(179 176 75)
3(179 178 176)
3(176 179 74)
3(176 298 179)
3(179 74 75)
3(179 178 298)
3(73 177 179)
3(73 179 327)
3(299 177 175)
3(299 304 177)
3(175 74 299)
3(175 177 179)
3(179 175 299)
3(179 299 177)
3(75 73 179)
3(178 297 298)
3(177 299 297)
3(179 297 178)
3(179 177 297)
3(297 179 298)
3(297 299 179)
3(328 23 6)
3(21 329 5)
3(172 73 26)
3(22 69 172)
3(22 172 73)
3(75 170 27)
3(75 27 327)
3(67 19 170)
3(19 170 75)
3(269 168 246)
3(269 246 303)
3(120 269 311)
3(120 271 269)
3(65 168 271)
3(246 65 271)
3(246 271 126)
3(271 65 126)
3(271 168 246)
3(271 246 269)
3(120 246 270)
3(120 270 269)
3(269 270 246)
3(120 269 246)
3(121 316 108)
3(242 152 261)
3(242 261 303)
3(266 155 242)
3(266 242 316)
3(155 316 242)
3(266 316 155)
3(264 152 155)
3(152 336 155)
3(264 155 336)
3(261 155 266)
3(261 264 155)
3(155 264 266)
3(155 261 242)
3(155 152 261)
3(155 242 152)
3(261 242 266)
3(254 266 270)
3(281 254 270)
3(281 266 254)
3(311 270 120)
3(311 120 122)
3(262 266 254)
3(262 312 266)
3(266 312 254)
3(262 254 270)
3(281 270 121)
3(122 42 311)
3(122 272 42)
3(122 311 272)
3(270 262 266)
3(271 120 126)
3(242 269 246)
3(242 303 269)
3(242 246 303)
3(270 246 107)
3(270 242 246)
3(246 242 107)
3(107 270 120)
3(246 107 120)
3(270 242 269)
3(120 271 246)
3(246 126 120)
3(266 242 270)
3(262 261 266)
3(269 242 261)
3(270 261 262)
3(270 269 261)
3(261 270 266)
3(261 242 270)
3(4 330 65)
3(44 271 65)
3(122 43 272)
3(122 272 334)
3(122 334 43)
3(65 18 330)
3(230 171 208)
3(230 208 305)
3(91 231 230)
3(91 230 320)
3(91 320 231)
3(93 171 231)
3(93 231 329)
3(208 231 91)
3(208 93 231)
3(231 93 91)
3(231 208 230)
3(231 171 208)
3(208 230 91)
3(215 156 223)
3(215 223 305)
3(210 214 215)
3(210 215 322)
3(210 322 214)
3(214 322 215)
3(226 156 214)
3(226 214 336)
3(156 336 214)
3(223 214 210)
3(223 226 214)
3(214 226 210)
3(214 223 215)
3(214 156 223)
3(214 215 156)
3(223 215 210)
3(94 210 209)
3(210 322 209)
3(96 216 94)
3(97 94 216)
3(224 210 216)
3(224 321 210)
3(210 321 216)
3(209 216 96)
3(209 96 232)
3(216 232 96)
3(216 209 94)
3(216 210 209)
3(216 94 210)
3(209 94 96)
3(209 224 210)
3(91 230 209)
3(91 209 320)
3(215 230 208)
3(215 305 230)
3(215 208 305)
3(209 208 92)
3(209 215 208)
3(208 215 92)
3(208 209 91)
3(208 230 209)
3(209 91 92)
3(209 215 230)
3(232 91 209)
3(94 209 91)
3(96 209 91)
3(210 215 209)
3(224 223 210)
3(230 215 223)
3(209 223 224)
3(209 230 223)
3(223 209 210)
3(223 215 209)
3(231 91 38)
3(91 320 38)
3(20 93 231)
3(20 329 93)
3(38 231 93)
3(98 37 232)
3(98 332 37)
3(36 232 98)
3(93 329 5)
3(93 21 329)
3(228 225 216)
3(228 216 321)
3(216 317 228)
3(216 211 317)
3(216 228 211)
3(97 216 166)
3(166 216 228)
3(216 317 166)
3(210 226 227)
3(210 227 321)
3(212 214 210)
3(212 210 322)
3(212 322 214)
3(153 226 214)
3(153 214 336)
3(227 214 212)
3(227 153 214)
3(214 153 212)
3(214 227 210)
3(214 226 227)
3(227 210 212)
3(95 212 211)
3(212 322 211)
3(95 101 233)
3(240 212 233)
3(240 318 212)
3(212 318 233)
3(211 233 101)
3(233 211 95)
3(233 212 211)
3(233 95 212)
3(211 95 101)
3(211 240 212)
3(101 166 317)
3(101 317 39)
3(210 228 216)
3(210 321 228)
3(211 216 94)
3(211 210 216)
3(216 101 211)
3(216 94 101)
3(94 211 101)
3(216 101 317)
3(211 210 228)
3(101 166 216)
3(216 97 101)
3(212 210 211)
3(240 227 212)
3(228 210 227)
3(211 227 240)
3(211 228 227)
3(227 211 212)
3(227 210 211)
3(98 332 2)
3(97 332 98)
3(332 98 16)
3(101 162 41)
3(101 41 317)
3(59 13 162)
3(59 333 13)
3(59 162 41)
3(181 173 245)
3(181 245 304)
3(109 174 181)
3(109 181 326)
3(109 326 174)
3(70 173 174)
3(70 174 328)
3(245 174 109)
3(245 70 174)
3(174 70 109)
3(174 245 181)
3(174 173 245)
3(245 181 109)
3(244 154 300)
3(244 300 304)
3(242 155 244)
3(242 244 316)
3(155 316 244)
3(152 154 155)
3(154 336 155)
3(300 155 242)
3(300 152 155)
3(155 300 244)
3(155 154 300)
3(155 244 154)
3(300 244 242)
3(107 242 243)
3(242 316 243)
3(182 242 246)
3(182 303 242)
3(243 246 110)
3(246 243 107)
3(246 242 243)
3(243 107 110)
3(243 182 242)
3(109 181 243)
3(109 243 326)
3(244 181 245)
3(244 304 181)
3(244 245 304)
3(243 245 108)
3(243 244 245)
3(245 244 108)
3(245 243 109)
3(245 181 243)
3(243 109 108)
3(243 244 181)
3(110 109 243)
3(109 243 107)
3(242 244 243)
3(182 300 242)
3(181 244 300)
3(243 300 182)
3(243 181 300)
3(300 243 242)
3(300 244 243)
3(174 109 25)
3(109 326 25)
3(23 70 174)
3(23 328 70)
3(70 25 174)
3(110 169 28)
3(65 18 169)
3(18 169 110)
3(23 328 24)
3(328 70 24)
3(235 163 233)
3(235 233 318)
3(102 164 235)
3(102 235 319)
3(102 319 164)
3(59 163 164)
3(59 164 333)
3(233 164 102)
3(233 59 164)
3(164 59 102)
3(164 233 235)
3(164 163 233)
3(233 235 102)
3(92 322 95)
3(212 153 196)
3(212 196 318)
3(202 214 212)
3(202 212 322)
3(202 322 214)
3(199 153 214)
3(199 214 336)
3(196 214 202)
3(196 199 214)
3(214 199 202)
3(214 196 212)
3(214 153 196)
3(196 212 202)
3(89 202 213)
3(202 322 213)
3(88 200 89)
3(80 89 200)
3(197 202 200)
3(197 324 202)
3(202 324 200)
3(213 200 88)
3(200 213 89)
3(200 202 213)
3(200 89 202)
3(213 89 88)
3(213 197 202)
3(102 235 213)
3(102 213 319)
3(212 235 233)
3(212 318 235)
3(213 233 95)
3(213 212 233)
3(233 213 102)
3(233 235 213)
3(213 102 95)
3(213 212 235)
3(88 102 213)
3(89 213 102)
3(202 212 213)
3(197 196 202)
3(235 212 196)
3(213 196 197)
3(213 235 196)
3(196 213 202)
3(196 212 213)
3(14 59 333)
3(164 102 40)
3(102 319 40)
3(14 59 164)
3(14 164 102)
3(88 167 32)
3(90 31 167)
3(31 167 88)
3(288 158 278)
3(288 278 308)
3(135 159 288)
3(135 288 307)
3(55 158 159)
3(55 159 335)
3(278 159 135)
3(278 55 159)
3(159 55 135)
3(159 278 288)
3(159 158 278)
3(278 288 135)
3(290 289 287)
3(290 287 308)
3(244 155 290)
3(244 290 316)
3(155 316 290)
3(154 289 155)
3(289 336 155)
3(287 155 244)
3(287 154 155)
3(155 287 290)
3(155 289 287)
3(155 290 289)
3(287 290 244)
3(108 244 293)
3(244 316 293)
3(292 244 245)
3(292 304 244)
3(293 245 141)
3(293 292 245)
3(245 293 108)
3(245 244 293)
3(293 108 141)
3(293 292 244)
3(135 288 293)
3(135 293 307)
3(290 288 278)
3(290 308 288)
3(290 278 308)
3(293 278 136)
3(293 290 278)
3(278 290 136)
3(278 293 135)
3(278 288 293)
3(293 135 136)
3(293 290 288)
3(141 135 293)
3(141 293 136)
3(244 290 293)
3(292 287 244)
3(288 290 287)
3(293 287 292)
3(293 288 287)
3(287 293 244)
3(287 290 293)
3(55 335 0)
3(55 10 335)
3(159 135 9)
3(159 9 50)
3(9 55 159)
3(9 335 55)
3(141 294 50)
3(70 24 294)
3(141 294 24)
3(267 263 254)
3(267 254 312)
3(123 161 267)
3(123 267 309)
3(123 309 161)
3(254 334 122)
3(254 161 123)
3(254 122 161)
3(161 122 123)
3(161 254 267)
3(254 267 123)
3(161 334 122)
3(266 264 265)
3(266 265 312)
3(290 155 266)
3(290 266 316)
3(289 264 155)
3(265 155 290)
3(265 289 155)
3(155 265 266)
3(155 264 265)
3(265 266 290)
3(136 290 281)
3(290 316 281)
3(280 290 278)
3(280 308 290)
3(281 278 137)
3(281 280 278)
3(278 281 136)
3(278 290 281)
3(281 136 137)
3(281 280 290)
3(123 267 281)
3(123 281 309)
3(266 267 254)
3(266 312 267)
3(281 254 121)
3(254 281 123)
3(254 267 281)
3(281 123 121)
3(281 266 267)
3(137 123 281)
3(136 281 123)
3(290 266 281)
3(280 265 290)
3(267 266 265)
3(281 265 280)
3(281 267 265)
3(265 281 290)
3(265 266 281)
3(11 122 334)
3(161 123 48)
3(123 309 48)
3(11 122 161)
3(11 161 123)
3(137 160 49)
3(55 10 160)
3(10 160 137)
3(185 198 200)
3(185 200 324)
3(80 188 185)
3(80 185 325)
3(80 325 188)
3(90 198 188)
3(90 188 331)
3(200 188 80)
3(200 90 188)
3(188 90 80)
3(188 200 185)
3(188 198 200)
3(200 185 80)
3(202 199 201)
3(202 201 324)
3(215 214 202)
3(215 202 322)
3(156 199 214)
3(201 214 215)
3(201 156 214)
3(214 201 202)
3(214 199 201)
3(201 202 215)
3(92 215 187)
3(215 322 187)
3(186 215 208)
3(186 305 215)
3(187 208 81)
3(187 186 208)
3(208 187 92)
3(208 215 187)
3(187 92 81)
3(187 186 215)
3(80 185 187)
3(80 187 325)
3(202 185 200)
3(202 324 185)
3(187 200 89)
3(187 202 200)
3(200 187 80)
3(200 185 187)
3(187 80 89)
3(187 202 185)
3(81 80 187)
3(89 187 81)
3(215 202 187)
3(186 201 215)
3(185 202 201)
3(187 201 186)
3(187 185 201)
3(201 187 215)
3(201 202 187)
3(90 331 29)
3(188 80 29)
3(80 325 29)
3(29 90 188)
3(81 189 30)
3(93 21 189)
3(21 189 81)
3(51 144 52)
3(51 145 144)
3(139 9 50)
3(139 50 140)
3(114 144 145)
3(114 145 147)
3(112 140 113)
3(112 114 147)
3(112 139 140)
3(112 147 139)
3(111 114 112)
3(111 112 113)
3(100 114 111)
3(99 144 114)
3(99 100 38)
3(99 114 100)
3(36 99 38)
3(27 111 113)
3(26 27 113)
3(68 113 140)
3(68 24 6)
3(68 6 22)
3(140 50 24)
3(140 24 68)
3(68 26 113)
3(68 22 26)
3(20 38 100)
3(66 100 111)
3(66 19 5)
3(66 5 20)
3(66 20 100)
3(66 27 19)
3(66 111 27)
3(15 52 144)
3(60 144 99)
3(60 2 15)
3(60 37 2)
3(60 99 36)
3(60 36 37)
3(60 15 144)
3(8 145 51)
3(53 147 145)
3(53 139 147)
3(53 9 139)
3(53 145 8)
3(0 53 8)
3(0 9 53)
3(337 115 116)
3(337 86 34)
3(131 47 132)
3(46 47 131)
3(56 45 46)
3(42 124 125)
3(42 125 44)
3(42 43 124)
3(117 131 132)
3(117 134 131)
3(116 134 117)
3(115 125 124)
3(115 124 134)
3(115 134 116)
3(104 116 117)
3(103 117 132)
3(103 104 117)
3(40 104 103)
3(86 116 104)
3(85 125 115)
3(35 337 34)
3(337 116 86)
3(337 85 115)
3(35 85 337)
3(33 34 86)
3(32 104 40)
3(17 85 35)
3(63 125 85)
3(63 17 4)
3(63 4 44)
3(63 44 125)
3(63 85 17)
3(62 86 104)
3(62 32 31)
3(62 104 32)
3(62 33 86)
3(3 62 31)
3(3 33 62)
3(12 132 47)
3(57 103 132)
3(57 40 103)
3(57 14 40)
3(57 132 12)
3(1 57 12)
3(1 14 57)
3(56 131 134)
3(56 134 124)
3(43 7 45)
3(43 45 56)
3(56 124 43)
3(56 46 131)
3(82 87 84)
3(34 87 35)
3(34 84 87)
3(33 83 84)
3(33 84 34)
3(78 84 83)
3(78 30 79)
3(78 82 84)
3(78 79 82)
3(29 30 78)
3(29 78 83)
3(77 87 82)
3(74 79 75)
3(74 77 82)
3(74 82 79)
3(26 75 27)
3(73 75 26)
3(73 74 75)
3(72 76 77)
3(72 77 74)
3(72 74 73)
3(71 28 76)
3(71 25 28)
3(71 76 72)
3(69 72 73)
3(69 71 72)
3(22 6 23)
3(69 25 71)
3(69 23 25)
3(22 23 69)
3(22 73 26)
3(22 69 73)
3(67 75 79)
3(67 21 5)
3(67 79 30)
3(67 30 21)
3(19 67 5)
3(19 75 67)
3(19 27 75)
3(18 76 28)
3(64 87 77)
3(64 77 76)
3(18 4 17)
3(18 17 64)
3(64 76 18)
3(64 17 35)
3(64 35 87)
3(3 83 33)
3(3 29 83)
3(51 52 146)
3(143 51 146)
3(130 133 47)
3(128 130 129)
3(128 138 142)
3(127 48 49)
3(127 49 138)
3(127 128 129)
3(127 138 128)
3(127 129 48)
3(46 130 47)
3(46 129 130)
3(45 129 46)
3(11 129 45)
3(119 130 128)
3(119 133 130)
3(118 128 142)
3(118 119 128)
3(118 142 143)
3(118 143 146)
3(106 119 118)
3(105 133 119)
3(105 119 106)
3(41 105 106)
3(39 41 106)
3(16 39 106)
3(61 118 146)
3(61 106 118)
3(16 61 15)
3(61 16 106)
3(61 146 52)
3(16 15 2)
3(15 61 52)
3(13 105 41)
3(58 133 105)
3(58 105 13)
3(58 12 47)
3(58 47 133)
3(1 12 58)
3(1 58 13)
3(11 45 7)
3(11 48 129)
3(10 138 49)
3(54 143 142)
3(54 142 138)
3(54 138 10)
3(8 143 54)
3(8 51 143)
3(0 54 10)
3(0 8 54)
3(135 137 136)
3(135 141 50)
3(135 50 9)
3(135 136 141)
3(123 49 48)
3(42 44 126)
3(123 137 49)
3(123 136 137)
3(11 43 122)
3(122 43 42)
3(121 123 122)
3(121 136 123)
3(120 42 126)
3(120 121 122)
3(120 122 42)
3(108 136 121)
3(108 141 136)
3(107 126 110)
3(107 121 120)
3(107 120 126)
3(107 108 121)
3(107 110 109)
3(107 109 108)
3(109 28 25)
3(109 110 28)
3(70 141 108)
3(70 108 109)
3(24 50 141)
3(24 141 70)
3(70 25 23)
3(70 109 25)
3(24 23 6)
3(24 70 23)
3(18 28 110)
3(65 110 126)
3(65 126 44)
3(65 18 110)
3(4 18 65)
3(4 65 44)
3(11 7 43)
3(11 123 48)
3(11 122 123)
3(55 137 135)
3(55 135 9)
3(137 10 49)
3(137 55 10)
3(0 10 55)
3(0 55 9)
3(39 101 41)
3(98 37 36)
3(97 101 39)
3(96 97 98)
3(96 98 36)
3(94 97 96)
3(94 101 97)
3(94 95 101)
3(92 95 94)
3(91 96 36)
3(91 36 38)
3(91 92 94)
3(91 94 96)
3(91 38 93)
3(89 95 92)
3(89 102 95)
3(88 102 89)
3(32 102 88)
3(32 40 102)
3(31 88 90)
3(31 32 88)
3(81 91 93)
3(81 92 91)
3(81 89 92)
3(80 90 88)
3(80 88 89)
3(80 81 30)
3(80 89 81)
3(29 80 30)
3(29 90 80)
3(21 81 93)
3(21 30 81)
3(20 93 38)
3(5 21 93)
3(5 93 20)
3(3 90 29)
3(3 31 90)
3(16 97 39)
3(16 98 97)
3(2 98 16)
3(2 37 98)
3(59 95 102)
3(59 101 95)
3(59 41 101)
3(14 102 40)
3(14 59 102)
3(13 41 59)
3(13 59 14)
3(13 14 1)
)


// ************************************************************************* //
