/*--------------------------------*- C++ -*----------------------------------*\
| =========                 |                                                 |
| \\      /  F ield         | OpenFOAM: The Open Source CFD Toolbox           |
|  \\    /   O peration     | Version:  5.x                                   |
|   \\  /    A nd           | Web:      www.OpenFOAM.org                      |
|    \\/     M anipulation  |                                                 |
\*---------------------------------------------------------------------------*/
FoamFile
{
    version     2.0;
    format      ascii;
    class       labelList;
    note        "nPoints:338  nCells:1493  nFaces:3133  nInternalFaces:2839";
    location    "constant/polyMesh";
    object      neighbour;
}
// * * * * * * * * * * * * * * * * * * * * * * * * * * * * * * * * * * * * * //


2839
(
111
132
949
950
112
113
131
937
23
305
1134
1421
1178
1212
1213
1248
5
525
535
6
52
530
56
549
189
381
509
451
465
502
503
31
204
477
38
214
415
218
573
697
616
650
671
57
233
557
64
240
604
756
885
907
803
838
859
83
262
743
90
269
901
278
1072
1094
283
991
1025
109
291
1040
116
298
979
1401
1423
1205
1207
1212
1248
1224
1307
1330
135
326
1119
333
1320
1449
154
340
1370
167
347
1355
141
354
1166
368
391
376
397
514
1124
36
187
383
393
35
389
396
473
380
395
513
139
387
399
393
404
408
437
525
422
443
466
1312
43
194
429
439
42
435
442
521
372
426
441
165
433
445
454
458
1351
373
469
489
842
49
202
475
483
48
426
481
488
372
473
487
101
460
491
102
479
497
419
517
537
1029
55
209
523
54
380
529
536
513
521
535
127
507
539
128
533
579
665
565
585
702
1170
62
216
571
581
61
577
584
661
572
583
701
146
575
587
581
596
600
626
713
611
632
654
1359
69
223
618
628
68
624
631
709
561
615
630
172
622
634
628
639
642
562
657
677
890
75
231
663
673
74
615
669
676
561
661
675
107
667
679
685
693
929
608
705
723
1077
81
238
711
720
569
572
584
722
572
701
709
721
133
715
725
720
731
739
766
853
751
772
890
1216
88
245
758
768
87
764
771
849
755
770
889
152
762
774
768
779
787
791
813
798
819
842
1406
95
252
256
1399
811
900
902
912
747
802
816
897
178
809
821
826
834
1445
466
748
845
865
101
260
851
861
100
802
857
864
849
862
889
855
867
877
881
654
795
893
913
107
267
899
909
106
755
905
912
747
900
910
903
915
909
925
929
933
955
941
960
1077
1264
274
277
278
953
959
1036
959
1084
1092
159
949
951
962
958
967
975
1001
1088
986
1007
1029
1454
121
281
993
1003
120
999
1006
1084
937
990
1005
184
997
1009
1014
1021
1492
514
938
1032
1052
127
289
1038
1048
126
990
1044
1051
937
1036
1049
1042
1054
1060
1068
702
983
1080
1099
133
296
1086
1096
132
957
1092
1094
1090
1101
1096
1107
1115
1146
1275
373
1127
1148
1406
138
1140
1147
1271
1135
1145
1405
303
1142
1150
408
1117
1138
1157
1188
1465
562
1173
1194
1216
146
310
555
1190
145
1186
1193
1461
1177
1191
1311
1184
1196
314
592
1190
1208
748
1219
1240
1312
152
317
321
741
151
1177
1232
1239
1223
1238
1311
1211
1242
1230
1247
1249
1260
1281
938
1124
1267
1287
159
324
328
931
158
1279
1286
1366
1271
1285
1405
1277
1289
1283
1297
1301
419
1315
1336
1454
165
331
335
413
164
1223
1328
1335
1319
1333
1453
1326
1338
1332
1347
1351
1376
1417
608
1264
1362
1382
172
338
1368
1378
171
1374
1381
1413
1123
1366
1379
1372
1384
646
1378
1393
795
1359
1409
1429
178
345
1415
1425
1131
1135
1147
1428
1123
1135
1413
1426
1419
1431
1425
1441
1445
983
1170
1457
1477
184
352
1463
1473
183
1319
1469
1476
1453
1461
1475
1467
1479
1473
1488
1492
190
382
506
1116
191
408
1117
192
290
510
512
191
410
508
191
192
1120
383
508
1118
197
428
459
1304
198
450
1305
199
461
463
501
198
199
427
503
198
199
1308
429
465
362
451
496
205
365
474
835
206
497
836
207
367
498
837
206
207
499
206
207
839
475
371
211
412
522
1022
212
549
1023
213
414
550
1024
212
214
523
213
1026
214
552
418
219
570
694
1163
220
596
1164
221
597
696
1165
220
221
598
220
221
1167
571
700
226
617
647
1352
227
639
1353
228
640
649
1354
227
228
616
641
227
228
1356
618
653
640
684
1436
234
554
662
882
235
685
883
236
315
558
560
235
556
687
235
236
886
663
556
884
241
601
710
1069
242
735
1070
243
603
736
1071
242
243
737
242
243
1073
711
607
248
757
882
1210
249
783
1215
250
311
784
884
249
250
756
785
249
250
1214
758
888
255
804
835
1398
255
805
808
257
304
827
837
257
803
805
828
257
1402
805
815
826
841
363
495
872
263
459
740
850
264
464
873
265
461
742
874
264
265
876
264
265
463
851
746
270
647
788
898
271
648
925
272
649
790
926
271
272
927
271
272
651
899
794
277
947
1069
1257
276
949
1258
279
972
1071
1259
946
958
971
279
1261
279
946
1075
284
992
1022
1446
285
1014
1447
286
1015
1024
1448
285
286
1016
285
286
1450
993
1028
1015
1059
1483
292
506
930
1037
293
507
1060
294
932
1061
293
294
1063
293
294
510
1038
936
299
694
976
1085
300
695
1111
301
696
978
1112
300
301
1113
300
301
698
1086
982
306
365
1133
1398
1132
1134
1160
308
1402
1404
1132
1145
307
308
369
1134
1160
1400
367
1400
313
554
1179
1210
313
1180
1183
315
1213
1214
784
1213
1249
1250
315
558
1204
1207
1212
320
740
1225
1304
320
1226
1229
322
742
1252
1306
322
1224
1226
1253
322
744
1226
1234
1251
1310
327
930
1116
1272
327
1273
1276
329
932
1118
1298
329
1273
1299
329
934
1273
1283
1297
1122
334
412
1321
1446
334
1322
1325
336
414
1348
1448
336
1322
1349
336
416
1322
1332
1347
1452
341
601
1257
1367
342
602
1393
343
603
1259
1394
342
343
1396
342
343
605
1368
1263
348
788
1352
1414
349
789
1441
350
790
1354
1442
349
350
1443
349
350
792
1415
1358
355
976
1163
1462
356
977
1488
357
978
1165
1489
356
357
1490
356
357
980
1463
1169
1155
1303
597
729
1484
591
919
1256
972
1105
1108
871
1342
495
1435
544
1348
1483
369
388
370
387
404
1160
371
405
370
371
406
370
371
390
513
377
398
378
396
467
515
379
468
516
1126
378
379
518
378
379
469
400
1130
384
396
385
531
386
397
528
385
386
385
386
529
394
401
390
393
392
398
474
391
392
476
391
392
395
402
394
395
400
401
1149
402
1148
401
402
1150
401
402
405
495
498
407
1136
406
1158
407
1159
1161
508
1118
1155
1303
1161
1303
1138
1156
1161
416
434
417
433
454
418
455
417
418
457
417
418
436
423
444
424
442
467
515
425
468
516
1314
424
425
470
424
425
517
446
1318
430
442
431
486
432
443
480
431
432
431
432
481
440
447
436
439
438
444
522
437
438
524
437
438
441
448
440
458
441
446
447
1337
448
1336
447
448
1338
447
448
544
550
1059
452
458
1343
453
1344
453
503
1345
457
1347
456
544
1348
457
1350
463
480
464
483
484
462
465
502
504
874
464
485
1306
470
490
471
488
472
844
471
472
471
472
492
848
476
488
478
489
477
478
477
478
487
493
485
505
873
484
490
482
484
483
486
487
485
494
501
501
492
493
866
494
865
493
494
867
493
494
502
778
499
877
500
878
500
880
505
505
875
510
528
511
530
512
512
527
548
511
527
532
546
518
538
519
536
520
1031
519
520
519
520
540
1035
524
536
526
537
525
526
525
526
541
531
553
532
538
531
532
533
553
534
542
545
1060
535
553
540
541
1053
542
1052
541
542
1054
541
542
546
1058
1155
547
553
548
1061
548
1062
551
1064
552
1065
552
1067
558
576
559
575
592
560
686
559
560
594
559
578
593
701
566
586
567
584
655
703
568
656
704
1172
567
568
706
567
568
657
588
1176
574
717
719
574
585
716
573
574
717
583
717
589
578
581
580
586
662
579
580
664
579
580
582
590
582
583
588
589
1195
590
1194
589
590
1196
589
590
683
686
594
600
595
683
1205
595
1206
599
1200
598
1201
599
1203
1208
605
623
606
622
642
607
643
606
607
644
606
607
625
612
633
613
631
655
703
614
656
704
1361
613
614
658
613
614
705
635
1365
619
631
620
621
632
668
620
621
620
621
669
630
636
625
628
627
633
710
626
627
712
626
627
629
637
629
630
635
636
1383
637
1382
636
637
1384
636
637
730
736
1105
646
1397
641
1391
1397
645
1393
644
730
1394
645
1395
1353
1390
651
668
652
667
689
653
690
652
653
692
652
653
670
658
678
659
676
660
892
659
660
659
660
680
896
664
676
666
677
665
666
665
666
674
681
670
673
672
678
671
672
671
672
675
682
674
693
675
680
681
914
682
913
681
682
915
681
682
1246
690
825
688
921
687
922
688
923
691
693
925
692
926
692
928
698
716
699
715
731
700
732
699
700
734
699
700
718
706
724
707
722
708
1079
707
708
707
708
726
1083
712
722
714
723
713
714
713
714
721
727
718
720
719
724
718
719
728
721
726
727
1100
728
1099
727
728
1101
727
728
732
1013
1389
734
1111
733
1112
734
1114
737
739
1107
738
1108
738
1109
1115
744
763
745
762
779
746
780
745
746
782
745
746
765
889
752
773
753
771
843
891
754
844
892
1218
753
754
894
753
754
845
775
1222
759
771
760
761
772
904
760
761
760
761
905
770
776
765
768
767
773
850
766
767
852
766
767
769
777
769
770
775
776
1241
777
1240
776
777
1242
776
777
871
874
781
1251
782
871
1252
782
1254
786
787
1230
785
919
786
1249
1255
792
810
793
809
830
794
831
793
794
833
793
794
812
799
820
800
818
843
891
801
844
892
1408
800
801
846
800
801
893
822
1412
806
818
807
808
819
856
807
807
808
857
817
823
812
815
814
820
898
814
818
897
813
814
816
897
824
817
834
817
822
823
1430
824
1429
823
824
1431
823
824
920
926
828
1437
829
872
1438
829
1439
832
834
1441
833
920
1442
833
1444
839
856
840
855
877
841
878
840
841
879
840
841
858
846
866
847
864
848
847
848
847
848
868
852
864
854
865
853
854
853
854
863
869
858
861
860
866
859
860
859
860
862
870
863
881
863
868
869
870
869
870
869
870
878
876
881
875
876
879
880
880
886
904
887
903
921
888
922
887
888
924
887
888
906
894
914
895
912
896
895
896
895
896
916
900
902
913
901
902
901
910
917
906
909
908
914
907
908
907
908
911
918
911
911
916
917
918
917
918
917
918
922
1388
924
929
923
924
928
927
928
934
952
935
951
967
936
968
935
936
970
935
936
954
942
961
943
959
1030
1078
944
1031
1079
1266
943
944
1081
943
944
1032
963
1270
1084
1087
1097
1102
973
950
960
1091
949
951
957
958
964
1092
954
956
961
1037
955
956
1039
955
956
957
965
963
964
1288
965
1287
964
965
1289
964
965
968
1058
1061
969
1297
970
1298
970
1300
973
975
1293
974
1294
974
1296
1301
980
998
981
997
1017
982
1018
981
982
1019
981
982
1000
987
1008
988
1006
1030
1078
989
1031
1079
1456
988
989
1033
988
989
1080
1010
1460
994
1006
995
1046
996
1007
1043
995
996
995
996
1044
1004
1011
1000
1003
1002
1008
1085
1001
1002
1087
1001
1002
1005
1012
1004
1021
1005
1010
1011
1478
1012
1477
1011
1012
1479
1011
1012
1106
1112
1016
1485
1016
1486
1019
1021
1488
1020
1106
1489
1020
1491
1026
1043
1027
1042
1064
1028
1065
1027
1028
1066
1027
1028
1045
1033
1053
1034
1051
1035
1034
1035
1034
1035
1055
1039
1051
1041
1052
1040
1041
1040
1041
1049
1056
1045
1048
1047
1053
1046
1047
1046
1047
1050
1057
1050
1068
1050
1055
1056
1057
1056
1057
1056
1057
1162
1065
1063
1062
1063
1067
1068
1066
1067
1073
1091
1074
1090
1107
1075
1108
1074
1075
1110
1074
1075
1093
1093
1094
1097
1098
1081
1100
1082
1084
1083
1082
1083
1082
1083
1102
1089
1099
1088
1089
1088
1089
1098
1103
1093
1096
1095
1100
1097
1095
1097
1104
1098
1103
1104
1103
1104
1103
1104
1389
1209
1109
1110
1110
1114
1115
1113
1114
1120
1139
1142
1144
1122
1122
1154
1156
1122
1144
1141
1142
1143
1144
1405
1128
1149
1129
1147
1265
1407
1130
1266
1408
1129
1130
1410
1129
1130
1267
1151
1137
1421
1424
1142
1157
1137
1148
1420
1137
1421
1157
1159
1160
1152
1154
1143
1149
1272
1141
1143
1274
1145
1146
1153
1154
1154
1151
1152
1153
1152
1153
1152
1153
1162
1303
1159
1400
1435
1298
1167
1185
1168
1184
1200
1169
1201
1168
1169
1202
1168
1169
1187
1174
1195
1175
1193
1217
1455
1176
1218
1456
1175
1176
1220
1175
1176
1457
1197
1181
1193
1182
1237
1183
1194
1231
1182
1204
1212
1182
1183
1232
1192
1198
1187
1190
1189
1195
1462
1188
1189
1464
1188
1189
1191
1199
1204
1192
1204
1197
1198
1199
1198
1199
1198
1199
1202
1208
1203
1484
1203
1206
1246
1207
1484
1489
1214
1231
1215
1234
1235
1247
1215
1236
1220
1241
1221
1239
1313
1222
1314
1221
1222
1316
1221
1222
1243
1227
1239
1228
1229
1240
1327
1228
1228
1229
1328
1238
1244
1236
1255
1235
1241
1233
1235
1234
1237
1238
1236
1245
1247
1247
1243
1244
1245
1244
1245
1244
1245
1256
1250
1256
1253
1255
1254
1342
1254
1261
1278
1262
1277
1293
1263
1294
1262
1263
1295
1262
1263
1280
1268
1288
1269
1286
1360
1270
1361
1269
1270
1269
1270
1362
1290
1274
1286
1276
1287
1275
1275
1276
1284
1291
1280
1283
1282
1288
1367
1281
1282
1369
1281
1282
1285
1292
1284
1285
1290
1291
1292
1291
1292
1291
1292
1295
1301
1296
1302
1296
1300
1299
1300
1389
1394
1308
1327
1309
1326
1343
1310
1344
1309
1310
1346
1309
1310
1329
1453
1316
1337
1317
1335
1455
1318
1456
1317
1318
1458
1317
1318
1339
1323
1335
1324
1471
1325
1336
1468
1324
1324
1325
1469
1334
1340
1329
1332
1331
1337
1330
1331
1330
1331
1333
1341
1334
1334
1339
1340
1341
1340
1341
1340
1341
1344
1345
1351
1346
1346
1350
1349
1350
1356
1373
1357
1372
1358
1391
1357
1358
1392
1357
1358
1375
1363
1383
1364
1381
1407
1365
1408
1364
1365
1364
1365
1409
1385
1369
1381
1371
1382
1370
1371
1370
1371
1379
1386
1375
1378
1377
1383
1414
1376
1377
1416
1376
1377
1380
1387
1380
1380
1385
1386
1387
1386
1387
1386
1387
1436
1442
1392
1397
1392
1436
1395
1396
1396
1402
1420
1403
1419
1437
1404
1403
1404
1440
1403
1422
1438
1410
1430
1411
1428
1412
1411
1412
1411
1412
1432
1416
1428
1418
1429
1417
1418
1417
1418
1427
1433
1422
1425
1424
1430
1423
1423
1424
1426
1434
1427
1427
1432
1433
1434
1433
1434
1433
1434
1438
1439
1445
1440
1440
1444
1443
1444
1450
1468
1451
1467
1485
1452
1486
1451
1452
1487
1451
1452
1470
1458
1478
1459
1476
1460
1459
1460
1459
1460
1480
1464
1476
1466
1477
1465
1466
1465
1466
1475
1481
1470
1473
1472
1478
1471
1472
1471
1472
1474
1482
1474
1475
1480
1481
1482
1481
1482
1481
1482
1486
1487
1492
1487
1491
1490
1491
)


// ************************************************************************* //
