/*--------------------------------*- C++ -*----------------------------------*\
| =========                 |                                                 |
| \\      /  F ield         | OpenFOAM: The Open Source CFD Toolbox           |
|  \\    /   O peration     | Version:  5.x                                   |
|   \\  /    A nd           | Web:      www.OpenFOAM.org                      |
|    \\/     M anipulation  |                                                 |
\*---------------------------------------------------------------------------*/
FoamFile
{
    version     2.0;
    format      ascii;
    class       vectorField;
    location    "constant/polyMesh";
    object      points;
}
// * * * * * * * * * * * * * * * * * * * * * * * * * * * * * * * * * * * * * //


338
(
(0 0 0.009999999776)
(0.009999999776 0 0)
(0 0 0)
(0.009999999776 0.009999999776 0)
(0.009999999776 0.009999999776 0.009999999776)
(0 0.009999999776 0)
(0 0.009999999776 0.009999999776)
(0.009999999776 0 0.009999999776)
(0 0 0.007537651807)
(0 0.002497484675 0.009999999776)
(0.002240294125 0 0.009999999776)
(0.008147779852 0 0.009999999776)
(0.009999999776 0 0.00196090457)
(0.007973723114 0 0)
(0.009999999776 0.00194763625 0)
(0 0 0.00170755072)
(0.002069488168 0 0)
(0.009999999776 0.009999999776 0.008083502762)
(0.007746581454 0.009999999776 0.009999999776)
(0 0.009999999776 0.002020776737)
(0 0.007867388427 0)
(0.002336661331 0.009999999776 0)
(0 0.009999999776 0.008045772091)
(0.001779476064 0.009999999776 0.009999999776)
(0 0.007497484796 0.009999999776)
(0.003635410918 0.009999999776 0.009999999776)
(0 0.009999999776 0.006111126393)
(0 0.009999999776 0.004056909122)
(0.005558912642 0.009999999776 0.009999999776)
(0.00733666122 0.009999999776 0)
(0.004707694054 0.009999999776 0)
(0.009999999776 0.008073069155 0)
(0.009999999776 0.006131873466 0)
(0.009999999776 0.009999999776 0.002080752514)
(0.009999999776 0.009999999776 0.004141238518)
(0.009999999776 0.009999999776 0.00615782477)
(0 0.003272007918 0)
(0 0.001636003959 0)
(0 0.005685411394 0)
(0.004085280932 0 0)
(0.009999999776 0.003874666523 0)
(0.005901602097 0 0)
(0.009999999776 0.005192130338 0.009999999776)
(0.009999999776 0.002596065169 0.009999999776)
(0.009999999776 0.00759606529 0.009999999776)
(0.009999999776 0 0.008184010163)
(0.009999999776 0 0.006283424329)
(0.009999999776 0 0.003849322675)
(0.006279467139 0 0.009999999776)
(0.004456858151 0 0.009999999776)
(0 0.004960119724 0.009999999776)
(0 0 0.005073373206)
(0 0 0.003417474451)
(0 0.002031245735 0.007983056828)
(0.001808266388 0 0.008099191822)
(0.001456649625 0.001551155234 0.009999999776)
(0.009999999776 0.002160759876 0.007247017696)
(0.009999999776 0.001835186966 0.001180767547)
(0.008780939505 0 0.001840448938)
(0.007145698182 0.0020084118 0)
(0 0.00173745153 0.00113342132)
(0.001869886415 0 0.00265221484)
(0.009999999776 0.007939132862 0.001243113424)
(0.009999999776 0.008475135081 0.008736205287)
(0.007974630222 0.009999999776 0.00730376225)
(0.0085523054 0.008549911901 0.009999999776)
(0 0.008522886783 0.002034280216)
(0.002177699469 0.009999999776 0.001459482475)
(0 0.008655352518 0.00805507414)
(0.002683595289 0.009999999776 0.008402424864)
(0.002764218953 0.00789914187 0.009999999776)
(0.004408117384 0.009999999776 0.008761838078)
(0.004221865907 0.009999999776 0.007187453099)
(0.00213126 0.009999999776 0.006471383851)
(0.004105224274 0.009999999776 0.005103822332)
(0.001805909211 0.009999999776 0.003996509593)
(0.005997085478 0.009999999776 0.008238554001)
(0.006091601215 0.009999999776 0.006175176241)
(0.006505781319 0.009999999776 0.001896689646)
(0.004247713368 0.009999999776 0.002751035616)
(0.006465266459 0.008185351267 0)
(0.003975132015 0.007482849527 0)
(0.006200616248 0.009999999776 0.00403929688)
(0.008405799046 0.009999999776 0.001423748792)
(0.008196504787 0.009999999776 0.003124913899)
(0.009999999776 0.008194768801 0.007168083452)
(0.009999999776 0.007883709855 0.003194623161)
(0.008077225648 0.009999999776 0.005157035775)
(0.008206545375 0.006912289187 0)
(0.006180942059 0.006012875587 0)
(0.008401694708 0.008634141646 0)
(0.002248000354 0.005142722279 0)
(0.004405371379 0.005200087093 0)
(0.001426632283 0.007696395274 0)
(0.003769985167 0.003468796145 0)
(0.005781793036 0.003823655425 0)
(0.002060511848 0.003039871575 0)
(0.003031642176 0.001663616626 0)
(0.00119360711 0.001601916738 0)
(0 0.003808354726 0.001783279469)
(0 0.00619870564 0.002027343959)
(0.004952666815 0.001827413449 0)
(0.008187854663 0.004387344234 0)
(0.009999999776 0.00336420699 0.002039859537)
(0.009999999776 0.005544080399 0.002113854513)
(0.006802245043 0 0.001835322939)
(0.004297628999 0 0.001856346382)
(0.006279742345 0.006508731283 0.009999999776)
(0.004290315788 0.00609775912 0.009999999776)
(0.004890746903 0.00813506078 0.009999999776)
(0.006871226244 0.008340410888 0.009999999776)
(0 0.007082053926 0.004108428024)
(0 0.005591273308 0.006185177714)
(0 0.007967810147 0.006099098828)
(0 0.004266144708 0.004235095344)
(0.009999999776 0.006176867988 0.006510498933)
(0.009999999776 0.005889132619 0.004434455186)
(0.009999999776 0.003764966037 0.003764767898)
(0.003379470203 0 0.004575160798)
(0.005909418222 0 0.003909128252)
(0.00766569376 0.005244511645 0.009999999776)
(0.005947117694 0.004484434612 0.009999999776)
(0.007910217158 0.003240595106 0.009999999776)
(0.005691105966 0.001923626754 0.009999999776)
(0.009999999776 0.004463396501 0.008010099642)
(0.009999999776 0.006683060899 0.008404148743)
(0.008228160441 0.006905294023 0.009999999776)
(0.005479500629 0 0.008527274244)
(0.005299846176 0 0.006457937416)
(0.007570655085 0 0.007826323621)
(0.007775438484 0 0.005284619983)
(0.009999999776 0.00196253974 0.005009677727)
(0.009999999776 0.001821149956 0.002967549954)
(0.007853607647 0 0.003343768883)
(0.009999999776 0.004069610965 0.005829419475)
(0.00177454832 0.003400858492 0.009999999776)
(0.003842718434 0.003896050155 0.009999999776)
(0.003243695945 0.001795281656 0.009999999776)
(0.003747099545 0 0.008297527209)
(0 0.004190899432 0.008118476719)
(0 0.006477156654 0.00807630457)
(0.002111967187 0.005625235848 0.009999999776)
(0.003175406251 0 0.00669732783)
(0.001625785837 0 0.0060561141)
(0 0.001675430802 0.003303065198)
(0 0.001926652389 0.005766165908)
(0.001375028514 0 0.004354867619)
(0 0.003601243487 0.006457594689)
(0.00689999992 0.004999999888 0.00500000082)
(0.003099999856 0.004999999888 0.00500000082)
(0.004999999888 0.003099999856 0.00500000082)
(0.004999999888 0.00689999992 0.00500000082)
(0.005950000137 0.005950000137 0.005950000603)
(0.005950000137 0.004050000105 0.004050000571)
(0.004050000105 0.005950000137 0.005950000603)
(0.004999999888 0.004999999888 0.006900000386)
(0.004049999639 0.005950000137 0.004050000571)
(0.00120000029 0.001200000057 0.006900000386)
(0.002150000073 0.002150000073 0.007850000635)
(0.0009725397092 0.003282149959 0.008804017343)
(0.003100000089 0.001200000057 0.008799999952)
(0.006872782626 0.00118841392 0.008355977525)
(0.00689999992 0.00120000029 0.001200000988)
(0.007822362822 0.00208025998 0.002149717947)
(0.008805118358 0.0031174207 0.001532534644)
(0.001200000057 0.00120000029 0.003100000788)
(0.003053619385 0.001304783154 0.001207237083)
(0.008700898525 0.006850448363 0.001100371922)
(0.007849999703 0.007849999703 0.007850000635)
(0.00687820141 0.008756403693 0.00884336617)
(0.001200000057 0.008799999952 0.003100000788)
(0.002150000073 0.007849999703 0.002150001004)
(0.00120000029 0.008799999952 0.006900000386)
(0.002150000073 0.007849999703 0.007850000635)
(0.003159973751 0.008767778008 0.008847824911)
(0.003078612389 0.008784532158 0.006759889037)
(0.003099999856 0.008799999952 0.003100000788)
(0.002150000073 0.007849999703 0.005950000137)
(0.002150000073 0.007849999703 0.004050000571)
(0.003100000089 0.008799999952 0.00500000082)
(0.004999999888 0.008799999952 0.006900000386)
(0.003973627642 0.007860957411 0.00804215852)
(0.005962151632 0.007850714258 0.007417238609)
(0.00689999992 0.008799999952 0.006900000386)
(0.004999999888 0.008799999952 0.003100000788)
(0.005950000137 0.007849999703 0.002150001004)
(0.004049999639 0.007849999703 0.002150001004)
(0.004999999888 0.00689999992 0.001200000988)
(0.00689999992 0.008799999952 0.001200000988)
(0.003099999856 0.008799999952 0.001200000988)
(0.008799999952 0.00689999992 0.003100000788)
(0.007849999703 0.005950000137 0.004050000571)
(0.00676637552 0.008748750821 0.002935648843)
(0.00689999992 0.00689999992 0.00500000082)
(0.005950000137 0.007849999703 0.004050000571)
(0.007899599952 0.007760742978 0.004039450365)
(0.00689999992 0.004999999888 0.003100000788)
(0.007850512814 0.005969580559 0.002466447405)
(0.007849999703 0.007849999703 0.002150001004)
(0.005950000137 0.005950000137 0.004050000571)
(0.006630487435 0.007164479945 0.001199354601)
(0.004999999888 0.00689999992 0.003100000788)
(0.005950000137 0.005950000137 0.002150001004)
(0.008799999952 0.00689999992 0.00500000082)
(0.007681194775 0.007850280034 0.005947950448)
(0.00689999992 0.008799999952 0.00500000082)
(0.008773453619 0.008802375831 0.006923599732)
(0.008857632823 0.008766920854 0.00302645199)
(0.003099999856 0.00689999992 0.001200000988)
(0.003099999856 0.004999999888 0.001200000988)
(0.004049999639 0.004050000105 0.002150001004)
(0.005083234934 0.003016764933 0.001088430624)
(0.005950000137 0.004050000105 0.002150001004)
(0.00689999992 0.004999999888 0.001200000988)
(0.004999999888 0.004999999888 0.003100000788)
(0.004049999639 0.005950000137 0.002150001004)
(0.003216366523 0.002981611923 0.0011952089)
(0.001200000057 0.003100000089 0.003100000788)
(0.002150000073 0.004050000105 0.004050000571)
(0.003099999856 0.001200000173 0.003100000788)
(0.003099999856 0.003099999856 0.00500000082)
(0.004049999639 0.002150000073 0.004050000571)
(0.002150000073 0.002150000073 0.004050000571)
(0.003099999856 0.004999999888 0.003100000788)
(0.002150000073 0.004050000105 0.002150001004)
(0.002416563336 0.002149510548 0.002410099407)
(0.004049999639 0.004050000105 0.004050000571)
(0.004999999888 0.003100000089 0.003100000788)
(0.004052084398 0.002152084851 0.002605504633)
(0.001200000057 0.004999999888 0.003100000788)
(0.002150000073 0.005950000137 0.002150001004)
(0.001200000057 0.00689999992 0.001200000988)
(0.001240633449 0.003140633481 0.001145534669)
(0.00689999992 0.003100000089 0.001200000988)
(0.008799999952 0.004999999888 0.003100000788)
(0.007849999703 0.004050000105 0.002150001004)
(0.008892923201 0.003029936962 0.00317006371)
(0.007849999703 0.004050000105 0.004050000571)
(0.00689999992 0.001200000173 0.003100000788)
(0.005950000137 0.002150000073 0.004050000571)
(0.005781268284 0.001735147283 0.002148077922)
(0.004999999888 0.001200000173 0.003100000788)
(0.005950000137 0.005950000137 0.007850000635)
(0.004999999888 0.00689999992 0.008799999952)
(0.004050000105 0.005950000137 0.007850000635)
(0.003100000089 0.00689999992 0.008799999952)
(0.007011783468 0.006786089404 0.008799741958)
(0.001188493734 0.007072559741 0.002920855252)
(0.001200000173 0.00689999992 0.006900000386)
(0.002639605549 0.005977674471 0.004050798059)
(0.002150000073 0.005950000137 0.005950000603)
(0.001110599561 0.006833304267 0.004933305166)
(0.008822550626 0.006996675482 0.007242619678)
(0.007849999703 0.005950000137 0.005950000603)
(0.006924123829 0.003196760183 0.00868656007)
(0.008799999952 0.003099999856 0.006900000386)
(0.007849999703 0.004049999639 0.005950000603)
(0.00689999992 0.001200000057 0.006900000386)
(0.00689999992 0.003099999856 0.00500000082)
(0.005950000137 0.002150000073 0.005950000603)
(0.007849999703 0.002150000073 0.005950000137)
(0.00689999992 0.004999999888 0.006900000386)
(0.007848573635 0.004158184992 0.008127095038)
(0.007871571431 0.002176146052 0.007633765056)
(0.005950000137 0.004049999639 0.005950000603)
(0.004999999888 0.003099999856 0.006900000386)
(0.005950000137 0.004049999639 0.007850000635)
(0.005950000137 0.002150000073 0.007850000635)
(0.008799999952 0.004999999888 0.006900000386)
(0.007849999703 0.005950000137 0.007850000635)
(0.006624883398 0.004724883366 0.008799376666)
(0.008792563675 0.006916883054 0.008815154963)
(0.00898942529 0.003289425218 0.00879956173)
(0.008799999952 0.003100000089 0.00500000082)
(0.007710620116 0.002154186275 0.004046260296)
(0.00689999992 0.001200000057 0.00500000082)
(0.008784082033 0.001166440229 0.003141056259)
(0.008799999952 0.001200000057 0.006900000386)
(0.003100000089 0.003099999856 0.008799999952)
(0.004999999888 0.001200000057 0.006900000386)
(0.004050000105 0.002150000073 0.007850000635)
(0.004999999888 0.003099999856 0.008799999952)
(0.001200000173 0.003099999856 0.006900000386)
(0.002150000073 0.004049999639 0.005950000603)
(0.003169355868 0.001107034023 0.006830644681)
(0.004022963822 0.002637084774 0.005950791839)
(0.002150000073 0.002150000073 0.005950000137)
(0.003100000089 0.004999999888 0.006900000386)
(0.002150000073 0.004049999639 0.007850000635)
(0.004050000105 0.004049999639 0.005950000603)
(0.004050000105 0.004049999639 0.007850000635)
(0.001200000173 0.004999999888 0.006900000386)
(0.002150000073 0.005950000137 0.007850000635)
(0.003100000089 0.004999999888 0.008799999952)
(0.00120000029 0.00689999992 0.008799999952)
(0.001200000057 0.003100000089 0.00500000082)
(0.002932854719 0.001201902532 0.004832073108)
(0.003099999856 0.00689999992 0.00500000082)
(0.004049999639 0.007849999703 0.004050000571)
(0.00395835143 0.007901904569 0.005935588566)
(0.004999999888 0.00689999992 0.006900000386)
(0.005950000137 0.007849999703 0.005950000603)
(0.004999999888 0.008799999952 0.00500000082)
(0.00689999992 0.00689999992 0.006900000386)
(0.003100000089 0.00689999992 0.006900000386)
(0.003099999856 0.00689999992 0.003100000788)
(0.001200000173 0.001200000173 0.005000000354)
(0.001230324376 0.004942965447 0.008742846977)
(0.003100000089 0.003099999856 0.006900000386)
(0.004999999888 0.001200000057 0.008799999952)
(0.008799999952 0.001200000173 0.005000000354)
(0.008687398445 0.005056302002 0.008912007284)
(0.00689999992 0.003099999856 0.006900000386)
(0.004999999888 0.001200000057 0.00500000082)
(0.008799999952 0.004999999888 0.00500000082)
(0.001200000057 0.004999999888 0.00500000082)
(0.004999999888 0.004999999888 0.008799999952)
(0.004892608198 0.001090604057 0.001191353645)
(0.00689999992 0.003100000089 0.003100000788)
(0.008799999952 0.004999999888 0.001200000988)
(0.001200000057 0.004999999888 0.001200000988)
(0.003099999856 0.003100000089 0.003100000788)
(0.004999999888 0.004999999888 0.001200000988)
(0.008799999952 0.008799999952 0.005000000354)
(0.00689999992 0.00689999992 0.003100000788)
(0.004999999888 0.008799999952 0.001200000988)
(0.005057212979 0.008844044312 0.008776146218)
(0.001200000173 0.008799999952 0.005000000354)
(0.00120000029 0.008799999952 0.008799999952)
(0.001200000057 0.008799999952 0.001200000988)
(0.008799999952 0.008799999952 0.008799999952)
(0.008799999952 0.008799999952 0.001200000988)
(0.001314740179 0.001261510265 0.001201698368)
(0.008853315661 0.001255076336 0.001108714824)
(0.008694615171 0.001195209696 0.008693441131)
(0.00120000029 0.001200000057 0.008799999952)
(0.004999999888 0.004999999888 0.00500000082)
(0.009999999776 0.007950708037 0.00506621669)
)


// ************************************************************************* //
