/*--------------------------------*- C++ -*----------------------------------*\
| =========         |                         |
| \\   / F ield     | OpenFOAM: The Open Source CFD Toolbox      |
| \\  /  O peration   | Version: 5.0                  |
|  \\ /  A nd      | Web:   www.OpenFOAM.org           |
|  \\/   M anipulation |                         |
\*---------------------------------------------------------------------------*/
FoamFile
{
  version   2.0;
  format   ascii;
  class    vectorField;
  location  "1/polyMesh";
  object   points;
}
// * * * * * * * * * * * * * * * * * * * * * * * * * * * * * * * * * * * * * //


338
(
(0 0 0.01)
(0.01 0 0)
(0 0 0)
(0.01 0.011 0)
(0.01 0.011 0.01)
(0 0.011 0)
(0 0.011 0.01)
(0.01 0 0.01)
(0 0 0.00753765)
(0 0.00249748 0.01)
(0.00224029 0 0.01)
(0.00814778 0 0.01)
(0.01 0 0.0019609)
(0.00797372 0 0)
(0.01 0.00194764 0)
(0 0 0.00170755)
(0.00206949 0 0)
(0.01 0.011 0.0080835)
(0.00774658 0.011 0.01)
(0 0.011 0.00202078)
(0 0.00786739 0)
(0.00233666 0.011 0)
(0 0.011 0.00804577)
(0.00177948 0.011 0.01)
(0 0.00749748 0.01)
(0.00363541 0.011 0.01)
(0 0.011 0.00611113)
(0 0.011 0.00405691)
(0.00555891 0.011 0.01)
(0.00733666 0.011 0)
(0.00470769 0.011 0)
(0.01 0.00807307 0)
(0.01 0.00613187 0)
(0.01 0.011 0.00208075)
(0.01 0.011 0.00414124)
(0.01 0.011 0.00615782)
(0 0.00327201 0)
(0 0.001636 0)
(0 0.00568541 0)
(0.00408528 0 0)
(0.01 0.00387467 0)
(0.0059016 0 0)
(0.01 0.00519213 0.01)
(0.01 0.00259607 0.01)
(0.01 0.00759607 0.01)
(0.01 0 0.00818401)
(0.01 0 0.00628342)
(0.01 0 0.00384932)
(0.00627947 0 0.01)
(0.00445686 0 0.01)
(0 0.00496012 0.01)
(0 0 0.00507337)
(0 0 0.00341747)
(0 0.00203125 0.00798306)
(0.00180827 0 0.00809919)
(0.00145665 0.00155116 0.01)
(0.01 0.00216076 0.00724702)
(0.01 0.00183519 0.00118077)
(0.00878094 0 0.00184045)
(0.0071457 0.00200841 0)
(0 0.00173745 0.00113342)
(0.00186989 0 0.00265221)
(0.01 0.00793913 0.00124311)
(0.01 0.00847514 0.00873621)
(0.00797463 0.011 0.00730376)
(0.00855231 0.00854991 0.01)
(0 0.00852289 0.00203428)
(0.0021777 0.011 0.00145948)
(0 0.00865535 0.00805507)
(0.0026836 0.011 0.00840242)
(0.00276422 0.00789914 0.01)
(0.00440812 0.011 0.00876184)
(0.00422187 0.011 0.00718745)
(0.00213126 0.011 0.00647138)
(0.00410522 0.011 0.00510382)
(0.00180591 0.011 0.00399651)
(0.00599709 0.011 0.00823855)
(0.0060916 0.011 0.00617518)
(0.00650578 0.011 0.00189669)
(0.00424771 0.011 0.00275104)
(0.00646527 0.00818535 0)
(0.00397513 0.00748285 0)
(0.00620062 0.011 0.0040393)
(0.0084058 0.011 0.00142375)
(0.0081965 0.011 0.00312491)
(0.01 0.00819477 0.00716808)
(0.01 0.00788371 0.00319462)
(0.00807723 0.011 0.00515704)
(0.00820655 0.00691229 0)
(0.00618094 0.00601288 0)
(0.00840169 0.00863414 0)
(0.002248 0.00514272 0)
(0.00440537 0.00520009 0)
(0.00142663 0.0076964 0)
(0.00376999 0.0034688 0)
(0.00578179 0.00382366 0)
(0.00206051 0.00303987 0)
(0.00303164 0.00166362 0)
(0.00119361 0.00160192 0)
(0 0.00380835 0.00178328)
(0 0.00619871 0.00202734)
(0.00495267 0.00182741 0)
(0.00818785 0.00438734 0)
(0.01 0.00336421 0.00203986)
(0.01 0.00554408 0.00211385)
(0.00680225 0 0.00183532)
(0.00429763 0 0.00185635)
(0.00627974 0.00650873 0.01)
(0.00429032 0.00609776 0.01)
(0.00489075 0.00813506 0.01)
(0.00687123 0.00834041 0.01)
(0 0.00708205 0.00410843)
(0 0.00559127 0.00618518)
(0 0.00796781 0.0060991)
(0 0.00426614 0.0042351)
(0.01 0.00617687 0.0065105)
(0.01 0.00588913 0.00443446)
(0.01 0.00376497 0.00376477)
(0.00337947 0 0.00457516)
(0.00590942 0 0.00390913)
(0.00766569 0.00524451 0.01)
(0.00594712 0.00448443 0.01)
(0.00791022 0.0032406 0.01)
(0.00569111 0.00192363 0.01)
(0.01 0.0044634 0.0080101)
(0.01 0.00668306 0.00840415)
(0.00822816 0.00690529 0.01)
(0.0054795 0 0.00852727)
(0.00529985 0 0.00645794)
(0.00757066 0 0.00782632)
(0.00777544 0 0.00528462)
(0.01 0.00196254 0.00500968)
(0.01 0.00182115 0.00296755)
(0.00785361 0 0.00334377)
(0.01 0.00406961 0.00582942)
(0.00177455 0.00340086 0.01)
(0.00384272 0.00389605 0.01)
(0.0032437 0.00179528 0.01)
(0.0037471 0 0.00829753)
(0 0.0041909 0.00811848)
(0 0.00647716 0.0080763)
(0.00211197 0.00562524 0.01)
(0.00317541 0 0.00669733)
(0.00162579 0 0.00605611)
(0 0.00167543 0.00330307)
(0 0.00192665 0.00576617)
(0.00137503 0 0.00435487)
(0 0.00360124 0.00645759)
(0.0069 0.005 0.005)
(0.0031 0.005 0.005)
(0.005 0.0031 0.005)
(0.005 0.0069 0.005)
(0.00595 0.00595 0.00595)
(0.00595 0.00405 0.00405)
(0.00405 0.00595 0.00595)
(0.005 0.005 0.0069)
(0.00405 0.00595 0.00405)
(0.0012 0.0012 0.0069)
(0.00215 0.00215 0.00785)
(0.00097254 0.00328215 0.00880402)
(0.0031 0.0012 0.0088)
(0.00687278 0.00118841 0.00835598)
(0.0069 0.0012 0.0012)
(0.00782236 0.00208026 0.00214972)
(0.00880512 0.00311742 0.00153253)
(0.0012 0.0012 0.0031)
(0.00305362 0.00130478 0.00120724)
(0.0087009 0.00685045 0.00110037)
(0.00785 0.00785 0.00785)
(0.0068782 0.0087564 0.00884337)
(0.0012 0.0088 0.0031)
(0.00215 0.00785 0.00215)
(0.0012 0.0088 0.0069)
(0.00215 0.00785 0.00785)
(0.00315997 0.00876778 0.00884782)
(0.00307861 0.00878453 0.00675989)
(0.0031 0.0088 0.0031)
(0.00215 0.00785 0.00595)
(0.00215 0.00785 0.00405)
(0.0031 0.0088 0.005)
(0.005 0.0088 0.0069)
(0.00397363 0.00786096 0.00804216)
(0.00596215 0.00785071 0.00741724)
(0.0069 0.0088 0.0069)
(0.005 0.0088 0.0031)
(0.00595 0.00785 0.00215)
(0.00405 0.00785 0.00215)
(0.005 0.0069 0.0012)
(0.0069 0.0088 0.0012)
(0.0031 0.0088 0.0012)
(0.0088 0.0069 0.0031)
(0.00785 0.00595 0.00405)
(0.00676638 0.00874875 0.00293565)
(0.0069 0.0069 0.005)
(0.00595 0.00785 0.00405)
(0.0078996 0.00776074 0.00403945)
(0.0069 0.005 0.0031)
(0.00785051 0.00596958 0.00246645)
(0.00785 0.00785 0.00215)
(0.00595 0.00595 0.00405)
(0.00663049 0.00716448 0.00119935)
(0.005 0.0069 0.0031)
(0.00595 0.00595 0.00215)
(0.0088 0.0069 0.005)
(0.00768119 0.00785028 0.00594795)
(0.0069 0.0088 0.005)
(0.00877345 0.00880238 0.0069236)
(0.00885763 0.00876692 0.00302645)
(0.0031 0.0069 0.0012)
(0.0031 0.005 0.0012)
(0.00405 0.00405 0.00215)
(0.00508323 0.00301676 0.00108843)
(0.00595 0.00405 0.00215)
(0.0069 0.005 0.0012)
(0.005 0.005 0.0031)
(0.00405 0.00595 0.00215)
(0.00321637 0.00298161 0.00119521)
(0.0012 0.0031 0.0031)
(0.00215 0.00405 0.00405)
(0.0031 0.0012 0.0031)
(0.0031 0.0031 0.005)
(0.00405 0.00215 0.00405)
(0.00215 0.00215 0.00405)
(0.0031 0.005 0.0031)
(0.00215 0.00405 0.00215)
(0.00241656 0.00214951 0.0024101)
(0.00405 0.00405 0.00405)
(0.005 0.0031 0.0031)
(0.00405208 0.00215208 0.0026055)
(0.0012 0.005 0.0031)
(0.00215 0.00595 0.00215)
(0.0012 0.0069 0.0012)
(0.00124063 0.00314063 0.00114553)
(0.0069 0.0031 0.0012)
(0.0088 0.005 0.0031)
(0.00785 0.00405 0.00215)
(0.00889292 0.00302994 0.00317006)
(0.00785 0.00405 0.00405)
(0.0069 0.0012 0.0031)
(0.00595 0.00215 0.00405)
(0.00578127 0.00173515 0.00214808)
(0.005 0.0012 0.0031)
(0.00595 0.00595 0.00785)
(0.005 0.0069 0.0088)
(0.00405 0.00595 0.00785)
(0.0031 0.0069 0.0088)
(0.00701178 0.00678609 0.00879974)
(0.00118849 0.00707256 0.00292086)
(0.0012 0.0069 0.0069)
(0.00263961 0.00597767 0.0040508)
(0.00215 0.00595 0.00595)
(0.0011106 0.0068333 0.00493331)
(0.00882255 0.00699668 0.00724262)
(0.00785 0.00595 0.00595)
(0.00692412 0.00319676 0.00868656)
(0.0088 0.0031 0.0069)
(0.00785 0.00405 0.00595)
(0.0069 0.0012 0.0069)
(0.0069 0.0031 0.005)
(0.00595 0.00215 0.00595)
(0.00785 0.00215 0.00595)
(0.0069 0.005 0.0069)
(0.00784857 0.00415818 0.0081271)
(0.00787157 0.00217615 0.00763377)
(0.00595 0.00405 0.00595)
(0.005 0.0031 0.0069)
(0.00595 0.00405 0.00785)
(0.00595 0.00215 0.00785)
(0.0088 0.005 0.0069)
(0.00785 0.00595 0.00785)
(0.00662488 0.00472488 0.00879938)
(0.00879256 0.00691688 0.00881515)
(0.00898943 0.00328943 0.00879956)
(0.0088 0.0031 0.005)
(0.00771062 0.00215419 0.00404626)
(0.0069 0.0012 0.005)
(0.00878408 0.00116644 0.00314106)
(0.0088 0.0012 0.0069)
(0.0031 0.0031 0.0088)
(0.005 0.0012 0.0069)
(0.00405 0.00215 0.00785)
(0.005 0.0031 0.0088)
(0.0012 0.0031 0.0069)
(0.00215 0.00405 0.00595)
(0.00316936 0.00110703 0.00683064)
(0.00402296 0.00263708 0.00595079)
(0.00215 0.00215 0.00595)
(0.0031 0.005 0.0069)
(0.00215 0.00405 0.00785)
(0.00405 0.00405 0.00595)
(0.00405 0.00405 0.00785)
(0.0012 0.005 0.0069)
(0.00215 0.00595 0.00785)
(0.0031 0.005 0.0088)
(0.0012 0.0069 0.0088)
(0.0012 0.0031 0.005)
(0.00293285 0.0012019 0.00483207)
(0.0031 0.0069 0.005)
(0.00405 0.00785 0.00405)
(0.00395835 0.0079019 0.00593559)
(0.005 0.0069 0.0069)
(0.00595 0.00785 0.00595)
(0.005 0.0088 0.005)
(0.0069 0.0069 0.0069)
(0.0031 0.0069 0.0069)
(0.0031 0.0069 0.0031)
(0.0012 0.0012 0.005)
(0.00123032 0.00494297 0.00874285)
(0.0031 0.0031 0.0069)
(0.005 0.0012 0.0088)
(0.0088 0.0012 0.005)
(0.0086874 0.0050563 0.00891201)
(0.0069 0.0031 0.0069)
(0.005 0.0012 0.005)
(0.0088 0.005 0.005)
(0.0012 0.005 0.005)
(0.005 0.005 0.0088)
(0.00489261 0.0010906 0.00119135)
(0.0069 0.0031 0.0031)
(0.0088 0.005 0.0012)
(0.0012 0.005 0.0012)
(0.0031 0.0031 0.0031)
(0.005 0.005 0.0012)
(0.0088 0.0088 0.005)
(0.0069 0.0069 0.0031)
(0.005 0.0088 0.0012)
(0.00505721 0.00884404 0.00877615)
(0.0012 0.0088 0.005)
(0.0012 0.0088 0.0088)
(0.0012 0.0088 0.0012)
(0.0088 0.0088 0.0088)
(0.0088 0.0088 0.0012)
(0.00131474 0.00126151 0.0012017)
(0.00885332 0.00125508 0.00110871)
(0.00869462 0.00119521 0.00869344)
(0.0012 0.0012 0.0088)
(0.005 0.005 0.005)
(0.01 0.00795071 0.00506622)
)


// ************************************************************************* //