TEMPORAL
SEQUENTIAL
second	Average_velocity
15.40	-0.000000000
15.45	-0.251033530
15.50	-0.500306240
15.55	-0.746069661
15.60	-0.986599940
15.65	-1.220209929
15.70	-1.445261022
15.75	-1.660174648
15.80	-1.863443341
15.85	-2.053641318
15.90	-2.229434476
15.95	-2.389589754
16.00	-2.532983777
16.05	-2.658610738
16.10	-2.765589455
16.15	-2.853169549
16.20	-2.920736709
16.25	-2.967816999
16.30	-2.994080185
16.35	-2.999342050
16.40	-2.983565686
16.45	-2.946861752
16.50	-2.889487700
16.55	-2.811845968
16.60	-2.714481157
16.65	-2.598076211
16.70	-2.463447627
16.75	-2.311539728
16.80	-2.143418039
16.85	-1.960261812
16.90	-1.763355757
16.95	-1.554081028
17.00	-1.333905538
17.05	-1.104373658
17.10	-0.867095391
17.15	-0.623735072
17.20	-0.375999701
17.25	-0.125626961
17.30	0.125626961
17.35	0.375999701
17.40	0.623735072
17.45	0.867095391
17.50	1.104373658
17.55	1.333905538
17.60	1.554081028
17.65	1.763355757
17.70	1.960261812
17.75	2.143418039
17.80	2.311539728
17.85	2.463447627
17.90	2.598076211
17.95	2.714481157
18.00	2.811845968
18.05	2.889487700
18.10	2.946861752
18.15	2.983565686
18.20	2.999342050
18.25	2.994080185
18.30	2.967816999
18.35	2.920736709
18.40	2.853169549
18.45	2.765589455
18.50	2.658610738
18.55	2.532983777
18.60	2.389589754
18.65	2.229434476
18.70	2.053641318
18.75	1.863443341
18.80	1.660174648
18.85	1.445261022
18.90	1.220209929
18.95	0.986599940
19.00	0.746069661
19.05	0.500306240
19.10	0.251033530
19.15	0.000000000
19.20	-0.251033530
19.25	-0.500306240
19.30	-0.746069661
19.35	-0.986599940
19.40	-1.220209929
19.45	-1.445261022
19.50	-1.660174648
19.55	-1.863443341
19.60	-2.053641318
19.65	-2.229434476
19.70	-2.389589754
19.75	-2.532983777
19.80	-2.658610738
19.85	-2.765589455
19.90	-2.853169549
19.95	-2.920736709
20.00	-2.967816999
20.05	-2.994080185
20.10	-2.999342050
20.15	-2.983565686
20.20	-2.946861752
20.25	-2.889487700
20.30	-2.811845968
20.35	-2.714481157
20.40	-2.598076211
20.45	-2.463447627
20.50	-2.311539728
20.55	-2.143418039
20.60	-1.960261812
20.65	-1.763355757
20.70	-1.554081028
20.75	-1.333905538
20.80	-1.104373658
20.85	-0.867095391
20.90	-0.623735072
20.95	-0.375999701
21.00	-0.125626961
21.05	0.125626961
21.10	0.375999701
21.15	0.623735072
21.20	0.867095391
21.25	1.104373658
21.30	1.333905538
21.35	1.554081028
21.40	1.763355757
21.45	1.960261812
21.50	2.143418039
21.55	2.311539728
21.60	2.463447627
21.65	2.598076211
21.70	2.714481157
21.75	2.811845968
21.80	2.889487700
21.85	2.946861752
21.90	2.983565686
21.95	2.999342050
22.00	2.994080185
22.05	2.967816999
22.10	2.920736709
22.15	2.853169549
22.20	2.765589455
22.25	2.658610738
22.30	2.532983777
22.35	2.389589754
22.40	2.229434476
22.45	2.053641318
22.50	1.863443341
22.55	1.660174648
22.60	1.445261022
22.65	1.220209929
22.70	0.986599940
22.75	0.746069661
22.80	0.500306240
22.85	0.251033530
22.90	0.000000000
22.95	-0.251033530
23.00	-0.500306240
23.05	-0.746069661
23.10	-0.986599940
23.15	-1.220209929
23.20	-1.445261022
23.25	-1.660174648
23.30	-1.863443341
23.35	-2.053641318
23.40	-2.229434476
23.45	-2.389589754
23.50	-2.532983777
23.55	-2.658610738
23.60	-2.765589455
23.65	-2.853169549
23.70	-2.920736709
23.75	-2.967816999
23.80	-2.994080185
23.85	-2.999342050
23.90	-2.983565686
23.95	-2.946861752
24.00	-2.889487700
24.05	-2.811845968
24.10	-2.714481157
24.15	-2.598076211
24.20	-2.463447627
24.25	-2.311539728
24.30	-2.143418039
24.35	-1.960261812
24.40	-1.763355757
24.45	-1.554081028
24.50	-1.333905538
24.55	-1.104373658
24.60	-0.867095391
24.65	-0.623735072
24.70	-0.375999701
24.75	-0.125626961
24.80	0.125626961
24.85	0.375999701
24.90	0.623735072
24.95	0.867095391
25.00	1.104373658
25.05	1.333905538
25.10	1.554081028
25.15	1.763355757
25.20	1.960261812
25.25	2.143418039
25.30	2.311539728
25.35	2.463447627
25.40	2.598076211
25.45	2.714481157
25.50	2.811845968
25.55	2.889487700
25.60	2.946861752
25.65	2.983565686
25.70	2.999342050
25.75	2.994080185
25.80	2.967816999
25.85	2.920736709
25.90	2.853169549
25.95	2.765589455
26.00	2.658610738
26.05	2.532983777
26.10	2.389589754
26.15	2.229434476
26.20	2.053641318
26.25	1.863443341
26.30	1.660174648
26.35	1.445261022
26.40	1.220209929
26.45	0.986599940
26.50	0.746069661
26.55	0.500306240
26.60	0.251033530
26.65	0.000000000
26.70	-0.251033530
26.75	-0.500306240
26.80	-0.746069661
26.85	-0.986599940
26.90	-1.220209929
26.95	-1.445261022
27.00	-1.660174648
27.05	-1.863443341
27.10	-2.053641318
27.15	-2.229434476
27.20	-2.389589754
27.25	-2.532983777
27.30	-2.658610738
27.35	-2.765589455
27.40	-2.853169549
27.45	-2.920736709
27.50	-2.967816999
27.55	-2.994080185
27.60	-2.999342050
27.65	-2.983565686
27.70	-2.946861752
27.75	-2.889487700
27.80	-2.811845968
27.85	-2.714481157
27.90	-2.598076211
27.95	-2.463447627
28.00	-2.311539728
28.05	-2.143418039
28.10	-1.960261812
28.15	-1.763355757
28.20	-1.554081028
28.25	-1.333905538
28.30	-1.104373658
28.35	-0.867095391
28.40	-0.623735072
28.45	-0.375999701
28.50	-0.125626961
28.55	0.125626961
28.60	0.375999701
28.65	0.623735072
28.70	0.867095391
28.75	1.104373658
28.80	1.333905538
28.85	1.554081028
28.90	1.763355757
28.95	1.960261812
29.00	2.143418039
29.05	2.311539728
29.10	2.463447627
29.15	2.598076211
29.20	2.714481157
29.25	2.811845968
29.30	2.889487700
29.35	2.946861752
29.40	2.983565686
29.45	2.999342050
29.50	2.994080185
29.55	2.967816999
29.60	2.920736709
29.65	2.853169549
29.70	2.765589455
29.75	2.658610738
29.80	2.532983777
29.85	2.389589754
29.90	2.229434476
29.95	2.053641318
30.00	1.863443341
30.05	1.660174648
30.10	1.445261022
30.15	1.220209929
30.20	0.986599940
30.25	0.746069661
30.30	0.500306240
30.35	0.251033530
30.40	0.000000000
